range:0-360 
center: -4.05234690905 0.446255715936 0.00230812685622
a: -0.00557043022867 0.00351861831323 0.134904053843 0.00304330827374 -0.000192535529893 -0.000505690852128 0.00502715461299 0.00194090662624 -0.00181153753353 -0.00273125282414 0.000633679486855 0.00023037733321 0.000141461934583 
b: -0.00163816005993 0.0837118830677 0.0149589563911 -0.00145265798403 -0.00462162624673 
c: -0.00186514444762 0.146481943989 0.00351796180828 -0.00353764737937 -0.00809348666494 0.00655269618468 0.00652573950034 -0.00153888854357 -0.00310204805201 0.000871653125211 0.00325059549647 0.000165842181204 -0.000883167671938 
angles: 0.0903104586331 0.268552624701 0.44435860108 0.6151157173 0.778642073995 0.933196747367 1.0784398958 1.21531164714 1.34562128902 1.47127971496 1.59411470482 1.7158803026 1.83829511986 1.96305369468 2.09191416438 2.22688165246 2.36999339618 2.52328464287 2.68846118759 2.86608116078 3.05461086466 3.24718807285 3.43608688523 3.62059091732 3.7998540878 3.97358166697 4.14221204382 4.30620431834 4.46548569748 4.62026274837 4.77122769909 4.91962366909 5.06718600093 5.21616736349 5.36838793188 5.52490384144 5.68622356381 5.85217040896 6.02227408427 6.19625196424 
