range:0-360 
center: -4.03330472708 0.19796177838 0.0984493925934
a: -0.00769019674092 0.00670543386075 0.159344573441 0.00459390989992 -0.0268094810321 -0.00743622255039 0.018806879195 0.00369945445901 0.000393262238701 -3.78273071837e-05 0.000519095728466 -3.63143698229e-05 0.00038802239799 
b: -0.01598092398 0.112782204089 0.0193053055681 -0.0120990080467 -0.00843058700335 
c: -0.0257543038721 0.196969257338 0.00670302400664 -0.0246968143775 -0.0107752476575 0.0188411384165 0.00598022946524 0.00177609385076 -0.00246740837134 -0.000512484930676 -0.00147435588693 0.000804790309755 0.00101843774065 
angles: 0.100454634575 0.242006821383 0.37959841307 0.510968202415 0.635405022565 0.753949284843 0.868421559414 0.980652367088 1.09179943931 1.20434076781 1.322047248 1.44812149036 1.58459839194 1.73225591339 1.89264708019 2.06777306479 2.2578167783 2.45887543288 2.66587209497 2.87137691757 3.07775658546 3.28594242541 3.49364798016 3.69788465075 3.89811733544 4.09639481888 4.29437568111 4.49017878946 4.68081651164 4.86418113338 5.0348427196 5.18707601894 5.32453365191 5.45387673 5.57903580684 5.70395429705 5.83136838068 5.96308371734 6.09990179128 6.24104777032 
