range:0-360 
center: -4.04872195125 0.372227728367 0.0246849861752
a: -0.00715259509009 0.00335401117421 0.140611870562 0.00488819696368 -0.00852073569949 0.000131559128455 0.00554867669275 0.00128668561293 -0.00245478363611 -0.00309802795124 0.00132454870544 0.00100544094852 -7.50729080769e-05 
b: -0.00719031733362 0.0887569926517 0.0154035263586 -0.00685231093817 -0.00608127088089 
c: -0.0111955399304 0.155248024403 0.00335241832851 -0.0138715937666 -0.00940492904385 0.00908838963568 0.00683521109876 -0.00290627267582 -0.0032222804859 0.00215708830821 0.00381845895456 -0.000268434590903 -0.000923485362758 
angles: 0.115647232296 0.274268010863 0.429807670061 0.579614948706 0.722446792359 0.857928753382 0.986851428683 1.1108494826 1.23174433392 1.35137278364 1.47146961571 1.59409156582 1.72124875529 1.85416758874 1.99303197107 2.13934003326 2.29590688271 2.46534283034 2.64953851851 2.84850957325 3.05627062968 3.26013483591 3.45909536388 3.65505185988 3.847301241 4.03552476887 4.21864801661 4.3939096713 4.56002233525 4.71813964218 4.8713753462 5.02233112786 5.17085730221 5.31926939497 5.46997422627 5.62293967709 5.77762282346 5.93093898598 6.0843848988 6.24032215968 
