range:0-360 
center: -4.0445520103 0.298968769982 0.0483145275822
a: -0.00818248847869 0.00390470471276 0.14882265996 0.00577944711657 -0.0179086839119 -0.000266452125823 0.00890906022699 0.00160347404187 -0.00158161228619 -0.00384025865852 0.0020742249935 0.00176357847304 -0.000801805886883 
b: -0.0125980310115 0.0979826481285 0.0164865779181 -0.0113407825665 -0.00761425194074 
c: -0.0203229726729 0.171190974037 0.00390033494052 -0.0227143519519 -0.0105648826374 0.0134316981812 0.00754141656856 -0.00323252872456 -0.0031803000186 0.00240628137413 0.0034074752058 -0.000782425337718 6.32950657161e-05 
angles: 0.129081733422 0.270528199281 0.408571163695 0.54066038086 0.665981497296 0.784805402802 0.898750248854 1.00997690796 1.12062186985 1.23287670577 1.3501300334 1.47652349927 1.61572571644 1.76617899451 1.92010143001 2.07796947941 2.24614095029 2.42988259606 2.63139188002 2.84732902109 3.06208166286 3.27070139917 3.47718133636 3.68127017978 3.88274727764 4.08356205025 4.27888567945 4.46284110109 4.63558803144 4.80071881657 4.96392960843 5.12353860616 5.27401445548 5.41987155181 5.56524726194 5.71000701747 5.85311635314 5.99408138276 6.13282923727 6.27167544295 
