range:0-360 
center: -4.0279648602 0.168593863072 0.122416636354
a: -0.00667870829639 0.00632153390734 0.163017291338 0.00356224130105 -0.0240002157724 -0.00756667836593 0.0196311064063 0.00428197985075 0.000527771456272 0.000237808643726 0.000154922689298 -0.000628544563459 0.00117950413553 
b: -0.0136294360219 0.114874013919 0.0195161608001 -0.00972858239423 -0.00765632516055 
c: -0.021904070424 0.200947079499 0.00631722732763 -0.0198159721171 -0.00978203392842 0.0183250582398 0.00508055568568 0.00374014850498 -0.00191875421092 -0.00143866048662 -0.00219679502488 0.00176821703499 0.00154581613339 
angles: 0.0804479382319 0.230778571897 0.37765708912 0.518357672877 0.652072749218 0.779387825642 0.901628113449 1.02047141308 1.13835638241 1.25768435535 1.38075160149 1.50867615362 1.64230464568 1.78475393194 1.93914247243 2.10958262012 2.29406361761 2.48732078614 2.68495537181 2.88329766136 3.0844494665 3.28882867991 3.49385321231 3.69460874742 3.89047302558 4.083509799 4.27529907527 4.46412263769 4.64799373327 4.82256590103 4.98470011402 5.13388991909 5.27187549305 5.40303176966 5.53065829286 5.65822207127 5.78907920356 5.92483300197 6.0661234903 6.21310774025 
