range:0-360 
center: -4.03755014539 0.229865285754 0.0787327137834
a: -0.0080667150019 0.00604628310344 0.155529700147 0.0048297761096 -0.0265281987315 -0.00534619538238 0.0158355684511 0.00342808370334 0.000655143668547 -0.00129615307913 0.00112122221506 0.000598804843934 -0.000375301293706 
b: -0.0161062613122 0.108320637297 0.0185045149096 -0.0126419055601 -0.00874944999 
c: -0.0260797222548 0.189114617183 0.00604066602398 -0.0256121668749 -0.0112909159882 0.0177502644166 0.00675127518541 0.000275108602636 -0.00303059071046 0.000747629640962 9.5335160802e-05 -7.84978356222e-05 0.000830787917098 
angles: 0.113869291333 0.251424111617 0.384806242404 0.511726976858 0.631527839868 0.745337457441 0.855076821336 0.962909345752 1.07086323266 1.18155541045 1.29849774964 1.42544821561 1.56605057335 1.72106854565 1.88591977519 2.05752508869 2.24107374986 2.43970237893 2.64994775703 2.86222092332 3.07233509724 3.28230778986 3.49118105185 3.6970675216 3.89956698276 4.10067235458 4.30088558617 4.49577948578 4.68535486918 4.86915958035 5.04244071886 5.19817660827 5.33922208494 5.47107065579 5.59903620805 5.72654156328 5.85534973745 5.98693230828 6.12188731438 6.25888030379 
