range:0-360 
center: -4.05037380457 0.409106186777 0.0132318854274
a: -0.00637212196335 0.00357604933778 0.136791316869 0.00381095155608 -0.00468651357717 -0.00036754314651 0.00503029722745 0.00171356063192 -0.00203517165888 -0.00284462112428 0.00108919048576 0.000592424391153 0.00012291470856 
b: -0.00449159565898 0.0854470947895 0.0151659639145 -0.004152456841 -0.00545685128917 
c: -0.00666191001201 0.149471219178 0.00357516213637 -0.00863873188408 -0.0089273357248 0.00765280007481 0.00677916594748 -0.00192486657122 -0.0033964861283 0.00150126191775 0.00352180856386 4.54021145795e-05 -0.00104654779432 
angles: 0.102666360904 0.271026119153 0.436494149705 0.596630421069 0.74952479963 0.89409959377 1.03084730864 1.16116265159 1.28681069609 1.4095429028 1.53111986734 1.6532390891 1.7776301299 1.90565015937 2.03887351899 2.17949320704 2.32972061656 2.49170474334 2.66694576386 2.85578489317 3.05514900246 3.25500045027 3.44958005104 3.64031809502 3.82649300766 4.0076207014 4.18372808728 4.35378538606 4.51694367606 4.67351348779 4.82513214697 4.97373936814 5.12131531932 5.26959934142 5.42074656629 5.57489676354 5.73202613298 5.89130589629 6.05290643694 6.21777939253 
