range:0-360 
center: -4.04131091237 0.263610072248 0.0621556946542
a: -0.00821398464899 0.00481263281791 0.152216403613 0.00530181589117 -0.0230546688106 -0.0023180383334 0.0120116855544 0.00264564230301 -0.000228624463566 -0.00296500917577 0.00177643935947 0.00136378021311 -0.000760867870959 
b: -0.0147647765042 0.102904568739 0.0173875723191 -0.0123869159848 -0.00837913951701 
c: -0.0239680676308 0.179690402491 0.00480745782129 -0.0248477281458 -0.0111063471988 0.0154388288409 0.00730553590595 -0.00156700168881 -0.00316694242279 0.00160923984753 0.00199519987695 -0.000589304839219 0.000691267540585 
angles: 0.124568561661 0.261481666128 0.3948814473 0.522040873679 0.642075253624 0.755913181615 0.865361822269 0.972770539858 1.08042836349 1.19129726787 1.30843566674 1.43628630433 1.57881071448 1.73585000203 1.89817716453 2.06254866591 2.23788427236 2.42923382186 2.63681187654 2.85385473221 3.06667577411 3.27686963546 3.48559038605 3.69159411654 3.89463177724 4.09748879109 4.29690322022 4.48603980508 4.66650905922 4.84107915177 5.01155870046 5.17153812633 5.31816944601 5.45728354839 5.59408855659 5.72993906376 5.86504101095 6.00043240972 6.1356701566 6.27107500926 
