range:0-360 
center: -4.04695376754 0.335417301208 0.0362371799769
a: -0.00779917640717 0.00340655655089 0.144946095891 0.00560210298227 -0.0128168801161 0.000417000912801 0.0068799706092 0.00114090302812 -0.00237690561958 -0.0036113491182 0.00177120899085 0.00156230827198 -0.000497848457646 
b: -0.00994335322593 0.0932859125444 0.0158336589309 -0.00937739785451 -0.00681227826809 
c: -0.0158275352983 0.163110653716 0.00340415563338 -0.0188337249224 -0.00997856148217 0.0112742644627 0.00722952949039 -0.00365080219426 -0.00322996044916 0.00256902047379 0.0039895910402 -0.00065352135615 -0.000576995371363 
angles: 0.125359869015 0.274859371357 0.420911453511 0.561137456769 0.694707255149 0.821412272301 0.942502751365 1.05996463284 1.17565217512 1.2916646478 1.41008725968 1.53396153073 1.66646530402 1.80726396491 1.95295843531 2.1049004579 2.26704029551 2.44356934305 2.63664920424 2.8453859903 3.05855644887 3.26519428265 3.46802043931 3.66851422369 3.86602863196 4.06111419148 4.2507655317 4.43054728032 4.59924585859 4.75955078711 4.91629801761 5.07131435777 5.22182686645 5.36987885356 5.5187472559 5.66947905517 5.82017633345 5.96744762251 6.11299146176 6.25967947393 
