range:0-360 
center: -5.55210084915 5.06928496361 -0.0718701901613
a: 0.00646270754874 -0.00221811716588 0.18267303279 -0.00463865144573 -0.000668445187597 0.00284033761414 0.0117594375686 -0.00146095328629 0.00131626501741 -0.000318090764267 0.000426134584466 0.000160426870073 -0.000395025952528 
b: -0.00341692374695 0.00338016924419 -0.0966531069647 0.00250698580273 0.000400258098219 -0.00134548504202 -0.00622137005168 
c: 0.000187684183716 0.206165665607 -0.00221980883049 0.00104294725983 0.00828263706532 0.0117317228668 -0.00159958118076 0.000396043666127 0.00218703696428 -0.000503953356984 0.000964868814475 -0.000552419399623 0.000913202324013 
angles: 6.22225636104 0.0806926491301 0.223865757072 0.369798225405 0.520049684918 0.676331481087 0.840233818399 1.01252890275 1.19277752465 1.37943253895 1.56948838649 1.75919019451 1.94526685136 2.125440757 2.29846784433 2.46372533775 2.62158518566 2.77313086187 2.91960370181 3.06253632396 3.20318922102 3.34259280927 3.48214766588 3.62336655789 3.76738588317 3.91486122814 4.06581134471 4.22033268729 4.37829501731 4.53911446282 4.70186312522 4.86527175303 5.0278963869 5.18850600406 5.34653366299 5.50162471298 5.65250756031 5.79831139457 5.94058871915 6.08147821236 
