range:0-360 
center: -5.52846192122 5.11813337803 -0.0716580071719
a: 0.00559041966805 -0.00173869713521 0.184253173534 -0.00439953444564 0.000475104278914 0.00258796514893 0.01255742219 -0.000504259488659 0.00121366970473 -0.000614098841051 0.000628996714862 -1.81636784684e-05 -0.000931507338876 
b: -0.00295014937244 0.00316027642001 -0.0974810965758 0.00234918627265 -0.00021635803522 -0.00119906253628 -0.00666133414938 
c: 0.000651520477693 0.209342805574 -0.00174135736312 0.000827010123718 0.00677539557761 0.0125303436335 -0.000895274687806 -0.000862880116863 0.00187615622337 -0.000732122858977 0.0011144870896 -0.00116427181277 0.00139022735509 
angles: 6.23052590941 0.0892006279452 0.233020905011 0.379259872376 0.529341125664 0.685292148526 0.848932980648 1.02066220667 1.19987160091 1.38516440236 1.57352819875 1.76133215382 1.94576519283 2.12486012532 2.29686638482 2.46078558491 2.61700018837 2.76704618555 2.91230120153 3.05418085157 3.1938129779 3.33238423327 3.47141238798 3.61244041152 3.7564653565 3.90396529399 4.05548738694 4.21102399708 4.37031919805 4.53276341355 4.69738697874 4.86287113187 5.02772714342 5.19065745937 5.35085411537 5.50756459047 5.6595012857 5.80620930055 5.9489665585 6.08984338051 
