range:0-360 
center: -5.80435419083 4.58928873539 -0.0650272514438
a: 0.0069492091274 -0.00822728022371 0.163681234242 -0.00198091148208 -0.00118559671303 0.00962266769316 0.0101036031265 -0.00379360397391 0.00142725244372 -0.000901944073919 -0.000895411359012 -0.000966441228854 0.000204364838536 
b: -0.00368369698146 0.00630340005034 -0.086680263664 0.00117524122862 0.000709996989012 -0.00495084087798 -0.00529906135919 
c: 0.000393576779091 0.182141136998 -0.00822870432173 0.00197225587409 0.0119134762168 0.00835735748863 -0.00683984298843 0.00173474530823 0.0061427588976 -0.000844597888153 0.00193940476406 5.04224035554e-05 0.00140315188542 
angles: 6.20716341341 0.0681051402354 0.213482209437 0.361107839286 0.51261260412 0.670244586194 0.836185192544 1.0116779629 1.19629599941 1.3874152485 1.58079490215 1.7719418193 1.9577955622 2.13700960165 2.30897482421 2.47414086425 2.63280323007 2.78582221488 2.93438654011 3.079555339 3.22208447225 3.36268937762 3.50258602141 3.64270254065 3.783605 3.92637794984 4.07205801266 4.22118799407 4.37395239961 4.53028030914 4.68966001224 4.85120297884 5.01353959337 5.17449193988 5.3320250904 5.48520691303 5.63404362262 5.77918830691 5.92217126757 6.06422281348 
