range:0-360 
center: -5.85501191616 4.49554051161 -0.0603401790839
a: 0.00635354438794 -0.00579062124629 0.164405096311 -0.00438645868361 0.00188399089373 0.00735471448111 0.00936467890183 -0.000879329129337 0.000814342199948 -0.00130833938287 0.000117747092784 -0.00114042017426 -0.000655256582313 
b: -0.00278089221806 0.0606171060194 -0.0864594814629 0.00269336933509 0.00167630918165 -0.00100304906107 -0.00617174827037 
c: 0.00156138924461 0.182486936358 -0.00579287981725 0.00124302924653 0.00831659934582 0.00872146455046 -0.00423287847957 -0.00145920599357 0.00305382706285 -0.000756361388128 0.00189235957875 -0.00166633300644 0.00106458043815 
angles: 6.2058411523 0.0742465311341 0.222522937642 0.367332157111 0.509623230334 0.651789372004 0.797290289819 0.948744091116 1.10769932598 1.27454600758 1.44890468711 1.63000403751 1.81657041343 2.00649970842 2.19731641555 2.38596345481 2.56896693757 2.7446366942 2.91126628279 3.06908721751 3.2190429636 3.36178931021 3.49792101412 3.62858971134 3.75546047403 3.88023976254 4.00468250626 4.1306697246 4.26013169476 4.39493673132 4.53685380321 4.68735663991 4.84734452567 5.01651779191 5.19251520307 5.37093916912 5.54786747172 5.72115590714 5.88874870991 6.05009535001 
