range:0-360 
center: -5.75226459503 4.68439298868 -0.0690256834437
a: 0.00778981386668 -0.00590294957911 0.165528622058 -0.00229315877578 -0.0041686033678 0.00703668448451 0.00926550392354 -0.00509099139133 0.00237394510328 -0.000937809748748 -0.000363095180905 -0.000315347238496 0.000723096607467 
b: -0.0041487232396 0.00508587434124 -0.0876390665883 0.00137742358798 0.00227686121592 -0.00353502231504 -0.00481108409208 
c: -0.000966851046978 0.183637301714 -0.00590323053374 0.00223409534382 0.0132854204898 0.0088422878273 -0.00477302276291 0.00403130737226 0.00589950427804 -4.0564856563e-05 0.00134666449647 0.000925855059055 0.000519764284835 
angles: 6.20212274419 0.0609485974855 0.203868911968 0.349187903119 0.498823835886 0.655079360716 0.819123957881 0.992604952067 1.17584774321 1.36702440195 1.56207570749 1.75602397855 1.94489452945 2.12680505221 2.30144035827 2.468933906 2.630128028 2.78580792886 2.9369404446 3.08450024558 3.22916698537 3.37181523566 3.51344465457 3.65523169646 3.79822828129 3.9432666269 4.09100998231 4.24174069409 4.39536557373 4.55167287558 4.70998371451 4.86915149828 5.02752703621 5.18359427291 5.33635065325 5.48551037592 5.63154543794 5.77522329115 5.91782417614 6.06011698351 
