range:0-360 
center: -5.70159049034 4.78026865721 -0.0709003774595
a: 0.00791856547522 -0.00660111847397 0.168861759658 -0.00394816260193 -0.00514730549832 0.00695742600578 0.00875429421315 -0.00421763546519 0.00285716913595 -0.000308657168174 -0.000116336540756 0.000304799529819 0.000709131037475 
b: -0.00421569001463 0.00548802903549 -0.0894074850408 0.00223079813328 0.00276629705324 -0.00349558388901 -0.00459196466081 
c: -0.0014571257449 0.186381831911 -0.00660121406426 0.00223297527241 0.0118886653015 0.00876518184219 -0.00624624366225 0.0045242575418 0.00372085989064 0.000142896803112 0.000407074691819 0.000968059677625 -0.00017271614536 
angles: 6.2044486255 0.0608903504354 0.201929103561 0.346078921935 0.49502848933 0.650979070431 0.815420074294 0.989039602235 1.17200216528 1.36259046564 1.55709864007 1.75082275234 1.93986624818 2.1222059825 2.29729298519 2.46548196652 2.62716210914 2.78326904417 2.93481459991 3.08261579043 3.22736604937 3.37020142834 3.51225953419 3.65464916778 3.79849899899 3.94477761839 4.09362166861 4.24530072303 4.39974908676 4.55671884183 4.71548381481 4.87468916512 5.03274744271 5.18839007161 5.34100083305 5.49056161756 5.63715900201 5.78115623192 5.92342676374 6.0644713217 
