range:0-360 
center: -5.65126936436 4.87634892464 -0.0710795506369
a: 0.00765418041611 -0.0062277706895 0.172411646182 -0.00386544437709 -0.00444257453724 0.00664357804111 0.00932309383394 -0.00406594629489 0.00280423131977 -0.000320353650617 0.000128796005691 0.00038805296472 0.000651159112281 
b: -0.00406852412888 0.00534291120083 -0.0912797839415 0.00218648675459 0.00238704740831 -0.00333124848075 -0.00490163397218 
c: -0.000977563397211 0.191333653089 -0.00622761246586 0.00248749310282 0.011442831845 0.00959938611979 -0.00581256650343 0.00412740847381 0.00351157353055 0.000149902960606 0.000522563159003 0.000664237143776 -0.000152515855731 
angles: 6.20843471508 0.0654975195058 0.207186619208 0.351933211151 0.501415446402 0.657663136948 0.822170571713 0.995815612467 1.17861608542 1.36865994421 1.56225818896 1.75497220068 1.9430726481 2.12453116618 2.29889631255 2.4663225347 2.62717107542 2.78222746165 2.93249139758 3.07888840659 3.2225849676 3.3643981577 3.50561757266 3.64750826852 3.79112415925 3.93719304228 4.08607739677 4.23790489507 4.39271897882 4.55028098023 4.70984524175 4.87004383667 5.02913067815 5.18592885136 5.3398624629 5.49089492955 5.63887453271 5.78395138775 5.92685074537 6.06817286266 
