range:0-360 
center: -5.62631686926 4.92450042963 -0.0710946129286
a: 0.00741312316701 -0.00550913216847 0.174724430949 -0.00370820722055 -0.0037351774072 0.00608083122821 0.00964954897425 -0.00397320849198 0.0026062768886 -0.000516189922834 0.000291687551135 0.000401229746739 0.000496895266828 
b: -0.00393575848296 0.00499567768063 -0.0924937709921 0.00210194503208 0.00201329433011 -0.00303354392454 -0.00507429040524 
c: -0.000633029472983 0.194469589848 -0.00550900455221 0.00246928288166 0.0111179618091 0.01009607662 -0.00493746413211 0.00359881242059 0.00343712053918 0.000147877052194 0.000635220053188 0.000490894674843 -0.000126379710385 
angles: 6.21153036633 0.0689393891647 0.211005614456 0.356233607331 0.506181497827 0.66262012012 0.827081621848 1.00049334974 1.18286801951 1.37230401121 1.56520327434 1.75719693211 1.94468200748 2.1257212248 2.29966693275 2.46653727525 2.62674725066 2.78096768045 2.9303297096 3.07588196283 3.2186422295 3.35974019472 3.50044917774 3.64206744291 3.78557422256 3.93173201714 4.08082661858 4.23298068356 4.38823830903 4.54637271457 4.70664273569 4.86763863791 5.02756497666 5.18513683139 5.33987530721 5.49173820193 5.64051984326 5.78614380313 5.92926882176 6.0708207735 
