range:0-360 
center: -5.83102462292 4.54207400084 -0.0624183302978
a: 0.00619905629259 -0.0111940378319 0.163841179731 -0.00338806531308 0.000300245770988 0.0117140113315 0.0104703235769 -0.00180547227949 0.00132193140041 -0.000107001658568 -0.000951876339966 -0.00078288658296 -0.000158524319959 
b: -0.00326819401743 0.00788181626574 -0.0867919966856 0.00186620814699 -0.000101655930838 -0.00608288745738 -0.00557734251198 
c: 0.00129196976585 0.182637356381 -0.0111954934641 0.00228454529907 0.00900663918307 0.00832746710316 -0.0106796208893 0.00066186595 0.00381888444643 -0.00120476233846 0.000980947559821 -0.000552678520245 0.00123851417754 
angles: 6.21476951167 0.0751838607429 0.220869903851 0.36936878358 0.52215273867 0.681673087196 0.849757148226 1.02701063585 1.21219952301 1.40233922977 1.5934934704 1.78203056602 1.96542475944 2.14251159341 2.31278192758 2.47614725797 2.63300608321 2.78401320239 2.93057193635 3.07382314994 3.21445676873 3.35337791878 3.49164139896 3.63016246598 3.76959104107 3.91108643282 4.05565244969 4.20406641288 4.35673021977 4.51366976242 4.67449570174 4.83842235616 5.004095635 5.16919126796 5.33086701081 5.48775354698 5.63990431342 5.78737132809 5.93116038804 6.07293516097 
