range:0-360 
center: -5.60131502151 4.97262337208 -0.0712741497439
a: 0.00722613143247 -0.00453235808526 0.17754583937 -0.0039778193753 -0.00280597037721 0.00515868702869 0.0100632455297 -0.00337181916843 0.00221138551438 -0.000544304945197 0.00039693157097 0.000268843625833 0.000281090929106 
b: -0.00383087069677 0.00451827845819 -0.0939727039133 0.00222467986586 0.00152585083327 -0.00255339791215 -0.00530129713929 
c: -0.000336380203753 0.198171130557 -0.00453234136355 0.00213339870095 0.0104741115864 0.0105625845398 -0.00390606286689 0.00272835733135 0.0031260102818 8.60298763702e-05 0.000720170385125 0.000226585308102 2.61347649482e-05 
angles: 6.21413702886 0.0719288200544 0.214286443728 0.359823190627 0.510137913025 0.666800326892 0.831190069008 1.00431277163 1.1862138221 1.37498833169 1.5671156355 1.75848061423 1.94566307577 2.12647472677 2.30008520652 2.46656642362 2.62622486044 2.77963127983 2.9279351705 3.07266069937 3.2146892844 3.35515236043 3.49545522925 3.63692274913 3.78051434772 3.92685424512 4.07638557153 4.22904076725 4.38491894544 4.54368065435 4.70454978099 4.86614582853 5.02680313325 5.18518517828 5.34074275517 5.49344197519 5.6428718731 5.7887123834 5.93172797889 6.07319877581 
