range:0-360 
center: -4.6081513683 3.88887839119 0.131933908145
a: -1.26924995494e-08 -3.86142770017e-08 0.528940999453 2.2093547449e-08 -0.00505142085915 4.3982824042e-08 -0.0304278496188 -4.49175904792e-09 0.00773507547996 -6.99719542584e-09 -0.00656033454161 -5.24366901388e-09 0.000111222091112 
b: 3.19080076183e-05 0.00247659760102 -2.09948243229e-07 9.14108308246e-05 1.26603565081e-08 -0.000254326855318 1.48208314221e-08 
c: 0.0057999361251 0.452297313823 -3.82965300688e-08 0.016649572693 -4.79781534939e-09 -0.0462248828339 -3.15641997505e-08 0.0139796707776 1.14132751035e-08 -0.00924933725359 6.70525473432e-09 0.00616665339711 1.61451884413e-09 
angles: 6.28318515304 0.0540161455589 0.108015928089 0.161987505798 0.215928922973 0.269839112328 0.323710866993 0.377539892407 0.431308180582 0.484993455188 0.538580140215 0.59205153438 0.645419879389 0.698694897684 0.75186449927 0.804948382875 0.857975425689 0.910991631701 0.963980641761 1.01695797533 1.06990861577 1.12285894245 1.17579208556 1.22865995863 1.28142427608 1.33404961731 1.38653320172 1.43889391962 1.49116329533 1.54338479982 1.59557151029 1.64773319407 1.69991180712 1.7521430745 1.80438622043 1.85658803941 1.90872002913 1.96078538034 2.01277196839 2.0646730807 2.11650688771 2.16830734398 2.22009204117 2.27185889278 2.32359100485 2.37529338822 2.42698183247 2.47863331574 2.53021573491 2.58171709332 2.63313077415 2.68447339898 2.73575872286 2.78696456045 2.83804319257 2.88898071142 2.93977644202 2.99042764918 3.04093791283 3.09131389862 3.14159284958 3.1918718046 3.24224779708 3.29275677838 3.34340927101 3.39420499791 3.44514137228 3.496220078 3.54742698082 3.5987113081 3.6500539756 3.70146852546 3.75296906105 3.80455231983 3.85620303906 3.90789149921 3.95959389558 4.01132660101 4.06309292361 4.11487810424 4.1666780925 4.21851190526 4.27041304739 4.32239997004 4.37446532081 4.42659730402 4.4787989175 4.5310422499 4.58327350469 4.63545210517 4.68761381619 4.73980052425 4.79202199229 4.84429138205 4.8966521139 4.94913568478 5.00176106603 5.05452542187 5.10739327919 5.16032601665 5.21327676652 5.26622743781 5.31920470547 5.37219369753 5.42520984083 5.47823686604 5.53132069023 5.584490275 5.63776535177 5.69113360471 5.74460498234 5.79819165146 5.85187691092 5.90564518487 5.95947419683 6.01334696863 6.06725608703 6.12119858651 6.175170152 6.2291688536 
