range:0-360 
center: -4.60815110604 3.982002906 0.146117118009
a: -1.32923009368e-07 -1.75621500409e-08 0.513299816585 1.79477353252e-07 0.00369817788848 -5.93744017906e-09 -0.033703359773 -4.07215172601e-08 0.00513622866083 5.35653955368e-09 -0.00729666064252 -1.09618983048e-08 0.000567441410562 1.50764089761e-08 0.00489980272335 2.57092907572e-08 0.00264645046221 -1.1452365568e-08 -0.00107216974358 -1.24160741493e-08 -0.00122364376669 1.36656681642e-08 -0.000536920557335 2.43762172937e-10 0.00051627954038 -1.38196867204e-08 -0.000454113679831 7.10510708734e-10 0.000254393291338 8.42804497417e-09 -6.46123566656e-05 -1.09780892771e-08 0.000221279750651 9.5459668969e-09 -0.000115263588948 1.25898945064e-08 -0.000145963637751 
b: 6.65577716808e-05 0.00238828845607 -2.01533354064e-07 0.00011714411795 -9.9905433816e-10 
c: 0.0118410537912 0.436363902926 -1.74657433869e-08 0.0199839249217 -8.64286271055e-08 -0.0432326212493 -4.08372460554e-08 0.0111496689535 5.21532575845e-08 -0.00223275612949 -4.1404294515e-08 0.0054462108046 5.92607963026e-10 0.000163847136099 -2.10196651513e-08 0.00223256509919 1.55234204008e-08 -0.00366383705004 -1.74817866406e-08 0.000809729164567 2.87387252474e-08 -0.00205525935837 -1.51413627354e-08 0.00151719010539 1.64022847416e-08 -0.00106391375259 -1.48900345078e-08 0.000747550215177 1.70972901498e-08 -0.000546688789576 -2.00941143667e-08 0.000274158789197 6.81004740122e-09 -0.000369388708003 -2.36921349297e-09 0.000206682606333 8.58046151834e-09 
angles: 3.3651559921e-07 0.0557746396173 0.11151861654 0.167224043537 0.222891131111 0.278513634762 0.334077808184 0.389560841304 0.444931423813 0.500167944147 0.555229324893 0.610066675365 0.664619405264 0.718853055412 0.77279044057 0.826488110161 0.88001671228 0.933450477119 0.986837052159 1.04021744323 1.09368409965 1.14720937349 1.20072398155 1.25418589406 1.30759043347 1.3608690123 1.41398385622 1.46689482101 1.51954618014 1.5718914246 1.62399227975 1.67597336517 1.72791036533 1.77981844809 1.8317081503 1.88355124481 1.93534247554 1.98712349615 2.03889993757 2.0906219601 2.14227355745 2.19383715545 2.24533222425 2.2967136843 2.34799074514 2.39918779133 2.45027785577 2.50119906054 2.55186840232 2.60221940819 2.65226732912 2.70207857759 2.75169110545 2.80115434601 2.85045393048 2.89957194294 2.94849268336 2.99718131678 3.04561298806 3.09374217246 3.14159220285 3.18944233406 3.23757164572 3.28600206307 3.33469206542 3.38361160901 3.43272962794 3.48203036864 3.53149356531 3.58110606265 3.63091727074 3.68096425248 3.7313162856 3.78198559815 3.83290683212 3.88399677549 3.9351944972 3.98647141584 4.0378522032 4.08934783797 4.14091133446 4.19256292772 4.24428532897 4.29606174925 4.34784274491 4.39963397566 4.45147708576 4.50336682257 4.55527479098 4.60721196049 4.65919309275 4.71129399565 4.76363928754 4.81629072041 4.86920172825 4.92231663928 4.97559525351 5.02899977086 5.08246165897 5.13597660699 5.18950194539 5.2429684679 5.29634877756 5.34973527236 5.40316956248 5.45669809297 5.51039578063 5.56433313864 5.61856687944 5.67311960962 5.72795695344 5.78301838529 5.83825482398 5.89362538416 5.94910834666 6.00467246004 6.06029491542 6.11596198972 6.17166846581 6.22741242591 
