range:0-360 
center: -4.60815136433 3.67167806824 0.115349832561
a: -9.36244640621e-10 -1.09431082569e-08 0.572456489668 -7.75998463127e-09 -0.014673375122 8.91350514296e-09 -0.0433712725135 2.37604159773e-08 0.00063091247763 -2.24830178851e-08 -0.00664833848303 -3.92565831927e-09 0.0117686041362 2.72814963213e-08 0.00154758142878 -5.35015137552e-09 0.000991695638617 -1.18597855807e-08 0.000168571207292 -2.41492938886e-09 -0.000700517342167 7.4834540878e-09 -0.00218054289394 -3.16350349083e-09 0.000326975014151 -4.90875691217e-09 0.000116615995948 2.92121162342e-11 -3.43075323759e-05 1.82096850539e-08 3.95146618236e-05 -6.35979112316e-10 0.000215641136322 -1.41683137585e-08 0.000106572049346 1.28058714567e-09 1.45902677534e-05 
b: -8.93876026305e-06 0.00258504216309 -2.24459058835e-07 6.18780416763e-05 1.0147341994e-08 
c: -0.00157124379295 0.471993957129 -1.10323293823e-08 0.0115308958724 -9.60940202817e-09 -0.0570912535799 -1.31823586263e-08 0.0255733675622 6.36249474663e-09 -0.00707164453823 -2.67015059454e-08 0.0131738537636 2.62101578964e-08 -0.00197089618936 -2.16943906314e-08 0.000413554315264 1.69201329316e-08 -0.00368709699758 -6.17192110222e-09 0.000122377064847 9.07364971616e-09 -0.00167512643351 -1.05699955947e-08 0.000495962906347 3.51399564222e-09 0.000388817062139 -7.98398182183e-09 0.000203404005538 4.91512529584e-10 0.000232609774745 5.30511973086e-09 2.20507105317e-05 -8.43133628714e-11 8.63186827297e-05 9.29616248518e-09 -0.000208299089098 4.69277009007e-10 
angles: 6.28318514878 0.0519063950569 0.1038134712 0.155725908668 0.207642550703 0.259566766739 0.311496034483 0.363432869681 0.415377361217 0.467331265203 0.519301012178 0.57129387597 0.623325770572 0.675410664525 0.727560023187 0.779774010418 0.832032321289 0.884313139027 0.936611243609 0.988916153045 1.04121973226 1.09352601482 1.14582820061 1.19812635402 1.25042074759 1.30271822121 1.35502774066 1.40735064281 1.45968682623 1.51202775161 1.56437011014 1.61672343735 1.66908657325 1.72146095051 1.77384807114 1.82625750734 1.8786960833 1.93116419387 1.98365928902 2.03617498872 2.08870134563 2.14123147827 2.19375770183 2.24628116928 2.29880775578 2.35133742356 2.40386962527 2.45640779346 2.50895746875 2.56152309174 2.61410737597 2.6667086754 2.71933011573 2.77197026206 2.82463301282 2.87732818144 2.93007515855 2.98288143823 3.03574378375 3.08865294585 3.1415928579 3.19453277358 3.24744194538 3.30030429437 3.35311056847 3.40585755518 3.45855269385 3.5112153868 3.56385457232 3.6164760527 3.66907736029 3.72166241402 3.77422802123 3.82677768133 3.87931583493 3.9318480227 3.98437767708 4.03690421099 4.08942766448 4.14195389539 4.19448359797 4.2470103591 4.29952573612 4.35202115119 4.40448901842 4.45692782413 4.50933709282 4.56172425234 4.61409865547 4.66646186839 4.71881519805 4.77115756474 4.82349847923 4.87583465027 4.92815756401 4.98046707079 5.03276478219 5.08505891224 5.13735705241 5.18965922454 5.24196549287 5.29426948494 5.34657390659 5.39887199518 5.45115279632 5.50341182158 5.55562514346 5.60777448363 5.65985943557 5.71189127367 5.76388506136 5.81585382019 5.86780872364 5.91975218988 5.9716890131 6.0236192854 6.0755424745 6.12746014837 6.1793715208 6.23127965103 
