range:0-360
center: -4.60815110604 4.0440605243 0.153028222856
a: 2.54853073239e-17 -3.855089745e-08 0.506974247353 3.18145170886e-07 0.0305576202331 2.05081267558e-08 -0.0379202489527 -4.2394040767e-08 0.0025865367067 1.68140424609e-08 -0.00529080959962 -1.39878827291e-08 0.000464378676384 3.5231921391e-08 0.00652246912939 
b: 8.15219507257e-20 0.0022027856436 -1.97896954294e-07 
c: 7.2538323742e-18 0.427705709336 -4.73221380233e-08 0.0410361260165 -1.62138112912e-07 -0.0413420740624 -7.41032877766e-08 0.00789243664152 6.95454489572e-08 0.00186842820508 -5.19298587404e-08 0.00484157518953 4.29262799674e-09 0.000636790606458 -4.17165759997e-08 0.00273507661876 3.08176523061e-08 -0.00382064993932 -2.69036528832e-08 0.000649029436891 4.22587489857e-08 
angles: 0.0 0.0523598775598 0.10471975512 0.157079632679 0.209439510239 0.261799387799 0.314159265359 0.366519142919 0.418879020479 0.471238898038 0.523598775598 0.575958653158 0.628318530718 0.680678408278 0.733038285838 0.785398163397 0.837758040957 0.890117918517 0.942477796077 0.994837673637 1.0471975512 1.09955742876 1.15191730632 1.20427718388 1.25663706144 1.308996939 1.36135681656 1.41371669412 1.46607657168 1.51843644924 1.57079632679 1.62315620435 1.67551608191 1.72787595947 1.78023583703 1.83259571459 1.88495559215 1.93731546971 1.98967534727 2.04203522483 2.09439510239 2.14675497995 2.19911485751 2.25147473507 2.30383461263 2.35619449019 2.40855436775 2.46091424531 2.51327412287 2.56563400043 2.61799387799 2.67035375555 2.72271363311 2.77507351067 2.82743338823 2.87979326579 2.93215314335 2.98451302091 3.03687289847 3.08923277603 3.14159265359 3.19395253115 3.24631240871 3.29867228627 3.35103216383 3.40339204139 3.45575191895 3.50811179651 3.56047167407 3.61283155163 3.66519142919 3.71755130675 3.76991118431 3.82227106187 3.87463093943 3.92699081699 3.97935069455 4.03171057211 4.08407044967 4.13643032723 4.18879020479 4.24115008235 4.29350995991 4.34586983747 4.39822971503 4.45058959259 4.50294947015 4.55530934771 4.60766922527 4.66002910282 4.71238898038 4.76474885794 4.8171087355 4.86946861306 4.92182849062 4.97418836818 5.02654824574 5.0789081233 5.13126800086 5.18362787842 5.23598775598 5.28834763354 5.3407075111 5.39306738866 5.44542726622 5.49778714378 5.55014702134 5.6025068989 5.65486677646 5.70722665402 5.75958653158 5.81194640914 5.8643062867 5.91666616426 5.96902604182 6.02138591938 6.07374579694 6.1261056745 6.17846555206 6.23082542962 
