range:0-360
center: -4.60815111001 3.97806033889 0.145595966163
a: -1.35499506388e-07 -3.53209849469e-08 0.513713682055 1.78518081834e-07 0.00340071623704 3.0197523767e-08 -0.0334686918051 -3.038144174e-08 0.00524788452881 -1.59482188914e-08 -0.00738076959455 
b: 6.16209154544e-05 0.00224492317872 -2.09760442764e-07 
c: 0.0116307145697 0.436867211598 -3.4457418856e-08 0.0198492964407 -9.40628310097e-08 -0.0433806811289 -3.8420163285e-08 0.0111685812102 5.35526648949e-08 -0.00254952080011 -2.39588000792e-08 0.0055162848727 9.55118696323e-09 0.000116805492736 -2.43557310704e-08 0.00226918094447 1.31304426696e-08 -0.00361053200453 -8.53617538593e-09 0.000769405621754 3.52353854837e-08 -0.00208245783337 -2.13378122461e-08 0.00154528113171 1.90515261658e-08 -0.00110952510449 -1.88138007311e-08 
angles: 3.45629856132e-07 0.0557131829485 0.111397580427 0.16704232568 0.222648973281 0.278208037837 0.333708957189 0.389129789309 0.444440896116 0.499620053032 0.554625566463 0.609409727707 0.663912985529 0.718106322288 0.772015185194 0.825691453946 0.879208079172 0.932631385645 0.986008453906 1.03937997601 1.09283372815 1.14634963753 1.19985401046 1.25331463309 1.30671769429 1.35998450243 1.41307508968 1.46595691253 1.51856025808 1.57086281182 1.62294815035 1.67492202007 1.72686455087 1.77878906304 1.83070009599 1.88256467539 1.93437743876 1.9861756158 2.03795889247 2.08968315459 2.1413368758 2.19289839579 2.244391237 2.29577570765 2.34705572402 2.39825985496 2.44936011292 2.50031886506 2.5510235644 2.60143029621 2.65153962211 2.70140959928 2.75109070241 2.80061786291 2.84998703245 2.89917400924 2.94816764717 2.99693398945 3.04544327048 3.09365611726 3.14159219045 3.18952836831 3.23774134127 3.28625070831 3.33501579519 3.38400952603 3.43319651031 3.48256682173 3.53209283995 3.58177501001 3.63164496324 3.68175431373 3.73216109192 3.78286578199 3.83382454356 3.88492470208 3.93612881319 3.98740935897 4.03879318249 4.09028654093 4.14184800771 4.19350216433 4.24522597369 4.29700922494 4.34880776878 4.40062027276 4.45248491458 4.50439621009 4.55632075309 4.60826331644 4.66023722002 4.71232260704 4.76462523713 4.81722860146 4.87011049625 4.92320109666 4.97646794179 5.02987103554 5.08333168632 5.13683598086 5.19035181142 5.24380553296 5.29717743108 5.35055437216 5.40397825047 5.45749475913 5.51117033683 5.56507920474 5.61927331138 5.67377657041 5.7285607953 5.78356622731 5.83874536701 5.8940564521 5.94947721424 6.00497914805 6.06053709094 6.11614477125 6.17178950562 6.2274728134 
