range:0-360
center: -4.60815139016 3.582150201 0.1184950445
a: -1.85692249222e-08 1.35445550435e-09 0.581760818772 2.55345752675e-08 -0.0141208648476 -1.45568210372e-08 -0.049852749497 -4.59531423042e-09 9.37716246466e-05 5.39617022798e-10 -0.00795224816017 -3.16920968903e-09 0.0105771485102 6.29462879108e-09 0.00224624055602 8.12189796564e-09 0.00347574324047 
b: -2.33238812758e-06 0.00241023060749 -2.14074155648e-07 
c: -0.000431920144901 0.467959559633 2.01721282915e-09 0.013257488387 -1.01927153185e-08 -0.0639481299098 -1.13231133739e-08 0.0272850372658 1.05953139457e-08 -0.00614258128219 -2.67405233522e-08 0.0166140546801 2.74394275117e-09 -0.000436855511518 -2.10910073031e-08 0.00256134731024 7.1931723782e-09 -0.00432711534765 -1.28696482403e-08 
angles: 6.28318520502 0.0522309850483 0.104461855434 0.156693918264 0.208927138212 0.261161326171 0.313396523494 0.365631265717 0.417866026302 0.470102507468 0.522343607896 0.574595294953 0.626867979216 0.679169444547 0.731498878357 0.783842567181 0.836183951767 0.888522545168 0.940863344629 0.993205552282 1.04554631762 1.09788508364 1.15022343848 1.20256216799 1.25490228987 1.30724554763 1.35959340851 1.41194519133 1.46430104463 1.51665772561 1.56901380356 1.62137220089 1.67373341811 1.72609677759 1.7784627561 1.83083526024 1.88321518081 1.93560202129 1.98799493566 2.04039332865 2.0927951995 2.1451976119 2.19759981711 2.25000243291 2.30240599554 2.35481108927 2.40721748004 2.45962630728 2.51203717395 2.56445342682 2.61687573232 2.66930319667 2.72173650983 2.77417454436 2.82661770017 2.87906970457 2.93153805553 2.98402641863 3.03653360754 3.0890582657 3.14159279016 3.19412732263 3.24665062075 3.29915919822 3.35164755372 3.40411591968 3.45656789903 3.50901100179 3.56144809482 3.61388140166 3.66630970295 3.71873199713 3.77114820611 3.8235590609 3.87596721005 3.92837363191 3.98077930224 4.0331828537 4.08558543842 4.13798765311 4.19039001226 4.24279191529 4.29519032038 4.34758323655 4.3999701027 4.45235003241 4.50472253433 4.55708857928 4.60945184692 4.66181310177 4.71417150404 4.76652759746 4.8188842301 4.8712400792 4.92359191484 4.97593997013 5.02828301721 5.08062313078 5.13296189723 5.18530019803 5.23763895515 5.28997971121 5.34232186577 5.3946632544 5.4470012385 5.49934332296 5.55168698231 5.60401651079 5.65631810018 5.70858994877 5.76084259002 5.81308273771 5.86531914764 5.91755389845 5.96978863105 6.02202381899 6.07425799775 6.12649120892 6.17872324962 6.23095411917 
