range:0-360 
center: -4.60815137227 3.48564430277 0.126334017531
a: -1.42298099036e-08 3.94468086102e-09 0.58536281714 4.94566662169e-09 -0.011388221098 -1.50243598878e-08 -0.0596593408932 1.89992106819e-08 -0.00117842763962 -5.09456230533e-09 -0.00937323136861 -9.02749377111e-09 0.00903931126141 
b: 1.21520866579e-05 0.00246790880396 -2.05281993698e-07 8.66726461103e-05 8.67618132293e-09 -0.000411674776633 1.86828659544e-08 
c: 0.00220012345125 0.450734611897 3.97370651878e-09 0.0157840133239 -2.39389060014e-08 -0.0749847441723 -8.71536361264e-09 0.0283384744574 -1.0107867288e-09 -0.00597137048854 -3.04915916154e-08 0.0204594133167 7.74006628785e-09 
angles: 6.28318515967 0.0530924579674 0.106181788571 0.159268343053 0.21234982391 0.265427662124 0.318512377395 0.371606102465 0.424711208399 0.477808397871 0.530866707785 0.583792498785 0.636502705893 0.68899030388 0.741333699661 0.793686324746 0.846116737899 0.898590916105 0.95106748421 1.00353875655 1.05602008696 1.10851032695 1.16099278088 1.21346378083 1.26592235717 1.3183565328 1.37076901523 1.42316179243 1.47553544673 1.52790359434 1.58027329535 1.63263306374 1.68498512428 1.73733656815 1.78967264015 1.84197943177 1.89425272236 1.94649085914 1.99869987683 2.05088804542 2.10305592597 2.15521353838 2.20737584199 2.25953042539 2.3116808595 2.36382662784 2.41596247045 2.46808294637 2.52017630491 2.5722422978 2.62427326993 2.67627700936 2.72825591603 2.78020725963 2.83213353982 2.88401306722 2.93579162354 2.98743678405 3.03893653002 3.09030674642 3.1415928731 3.19287738968 3.24424923545 3.29574899687 3.34739280647 3.39917268458 3.45105218664 3.50297732161 3.55492866852 3.60690851442 3.65891223643 3.71094312771 3.76300834818 3.81510244309 3.8672222121 3.91935872915 3.97150444394 4.02365486254 4.07580945117 4.12797174067 4.1801293605 4.23229722793 4.28448542795 4.33669443374 4.38893257021 4.44120566712 4.49351257622 4.54584873168 4.59820013378 4.65055223242 4.70291201018 4.75528172032 4.8076498771 4.86002345301 4.91241629823 4.96482896056 5.01726293429 5.06972149941 5.12219248799 5.17467528357 5.22716515848 5.27964647657 5.33211773593 5.38459429041 5.43706895869 5.48949876854 5.54185133288 5.59419555112 5.64668240673 5.69939267333 5.75231946878 5.80537677035 5.85847399884 5.91157902833 5.96467273556 6.01775739705 6.07083630287 6.12391669575 6.177003241 6.23009365628 
