range:0-360 
center: -4.60815138221 3.578649803 0.118787997744
a: -2.77043759168e-08 8.98826292637e-09 0.581988720186 3.44308658134e-08 -0.0140919423703 -1.60706651964e-08 -0.0501285185092 -6.32526556503e-09 7.77240736417e-05 -1.53328235264e-09 -0.00798457683351 -7.28947961936e-11 0.0105290951895 1.43381662537e-08 0.00224253710395 4.44623625608e-09 0.00355438729603 -5.49654146725e-09 0.00169202630166 4.189346556e-10 -2.54324510216e-05 -6.23932995579e-09 -0.00273020084014 -5.64339279604e-09 -0.000488659889145 3.1956952518e-09 -0.000659747976042 -2.45843351909e-09 -0.000292716728905 2.64324156655e-09 -0.00013753456001 7.23594475487e-09 0.000337598688362 -2.86894156772e-09 0.00043793736417 -3.2357085319e-09 0.000300554345891 
b: -2.20688673676e-06 0.00256084772732 -2.357710407e-07 7.25977340235e-05 -9.97818804297e-09 
c: -0.000383366269298 0.467596860233 9.11903158191e-09 0.0133252214793 -2.16164261294e-08 -0.0642633322066 2.40085327181e-09 0.0273394548766 6.05112653219e-09 -0.00615024137807 -1.48454507708e-08 0.0167326373059 -1.75841591208e-10 -0.000408224873518 -2.17487563353e-09 0.0026491555807 4.63810099681e-09 -0.00434283051491 6.01424712569e-09 -0.000879786051127 9.64212551702e-09 -0.00330465718833 -6.14539854413e-09 -0.000365641782174 4.37382825771e-09 8.52807755086e-05 -9.4381519293e-09 0.000415820422852 -3.47118235122e-09 0.000882501310605 -4.34373216826e-09 0.000370971236101 1.65807688022e-09 0.000581957899562 -5.33098172925e-09 -0.000267081265008 5.97785951286e-09 
angles: 6.28318518704 0.052245215605 0.104490612596 0.156737296276 0.208983741387 0.261232736974 0.313481661908 0.365729571195 0.41797803753 0.47022824365 0.522481293184 0.574745631671 0.627028447213 0.679336947965 0.731670780057 0.784016850351 0.836360786416 0.88870125783 0.941044547791 0.993388730913 1.04573114194 1.0980718374 1.15041233088 1.20275346667 1.25509560604 1.30744056374 1.35978985272 1.41214239542 1.46449859941 1.5168555556 1.5692120142 1.62157049523 1.67393135682 1.72629416694 1.77865916738 1.83103004448 1.88340742431 1.9357911943 1.98818023205 2.04057404722 2.09297105041 2.14536823937 2.19776605261 2.25016364675 2.30256192989 2.35496245821 2.40736365369 2.45976596839 2.51217132531 2.56458173719 2.61699748147 2.66941791894 2.72184260183 2.77427175473 2.82670516357 2.87914703203 2.93160440547 2.98407793649 3.03656955803 3.08907635956 3.14159281546 3.19410785455 3.24661471293 3.29910771841 3.35158124559 3.40403747888 3.45647940106 3.50891282723 3.56134294166 3.61376755768 3.6661879814 3.71860368115 3.7710133543 3.82341942243 3.87582168872 3.92822287077 3.98062280103 4.03302165681 4.08541968663 4.13781701926 4.19021421717 4.24261125242 4.29500503463 4.34739409577 4.39977786725 4.45215525488 4.50452613432 4.55689119693 4.60925389893 4.66161480875 4.71397329211 4.76632976287 4.81868667274 4.87104293185 4.92339546526 4.97574474481 5.02808969296 5.08043182268 5.13277294864 5.1851134321 5.23745411722 5.28979701699 5.34214068916 5.39448392435 5.44682499304 5.49916893365 5.55151505591 5.60384817877 5.65615674439 5.70843958183 5.7607039381 5.81295793003 5.86520710361 5.91745555963 5.96970446947 6.02195339863 6.07420135985 6.12644884378 6.17869445712 6.23093985311 
