range:0-360
center: -4.60815138618 3.38438190818 0.141254273298
a: 3.6041913899e-17 -1.89764233218e-08 0.583810916978 2.57463849216e-08 0.00570167278413 -3.38052744581e-08 -0.079908412543 -3.17237823548e-10 -0.00343329036663 -2.24969198411e-08 -0.0152334346422 -4.63008320637e-08 0.00573749088658 1.40368595767e-08 0.00175030383577 -5.63560977099e-09 0.00950949037547 3.36786947639e-08 0.00583707097172 4.89553152577e-09 0.00515341377858 1.73779439821e-08 -0.00109474811739 2.74533163546e-09 -7.97429430254e-05 -4.97110395659e-09 -0.00279982419445 -3.38078211739e-09 -0.00221155883234 
b: 7.6135640959e-20 0.00205722671032 -2.33659021237e-07 
c: -8.0838524864e-18 0.399448881874 6.31346041713e-09 0.0355497526112 -1.79365538064e-08 -0.104446919746 -1.94387022604e-08 0.033281413428 2.24238141479e-08 -0.00930632674279 -6.08187956274e-08 0.0309772689808 1.43386006997e-08 0.00417661820852 -5.71068161034e-08 0.0157305002658 1.34395725645e-08 -0.00341062096809 -2.53248248875e-08 0.00106778625769 3.24134428468e-08 -0.00815287034619 -1.85315789629e-09 -0.00400584355914 3.04972476161e-08 -0.00425838487236 1.38747681668e-09 -0.00171460675429 1.22922518107e-08 0.000463910596286 -7.26589267508e-09 0.00120993443044 -1.82217842655e-09 0.00218064587696 -1.130326391e-08 
angles: 0.0 0.0523598775598 0.10471975512 0.157079632679 0.209439510239 0.261799387799 0.314159265359 0.366519142919 0.418879020479 0.471238898038 0.523598775598 0.575958653158 0.628318530718 0.680678408278 0.733038285838 0.785398163397 0.837758040957 0.890117918517 0.942477796077 0.994837673637 1.0471975512 1.09955742876 1.15191730632 1.20427718388 1.25663706144 1.308996939 1.36135681656 1.41371669412 1.46607657168 1.51843644924 1.57079632679 1.62315620435 1.67551608191 1.72787595947 1.78023583703 1.83259571459 1.88495559215 1.93731546971 1.98967534727 2.04203522483 2.09439510239 2.14675497995 2.19911485751 2.25147473507 2.30383461263 2.35619449019 2.40855436775 2.46091424531 2.51327412287 2.56563400043 2.61799387799 2.67035375555 2.72271363311 2.77507351067 2.82743338823 2.87979326579 2.93215314335 2.98451302091 3.03687289847 3.08923277603 3.14159265359 3.19395253115 3.24631240871 3.29867228627 3.35103216383 3.40339204139 3.45575191895 3.50811179651 3.56047167407 3.61283155163 3.66519142919 3.71755130675 3.76991118431 3.82227106187 3.87463093943 3.92699081699 3.97935069455 4.03171057211 4.08407044967 4.13643032723 4.18879020479 4.24115008235 4.29350995991 4.34586983747 4.39822971503 4.45058959259 4.50294947015 4.55530934771 4.60766922527 4.66002910282 4.71238898038 4.76474885794 4.8171087355 4.86946861306 4.92182849062 4.97418836818 5.02654824574 5.0789081233 5.13126800086 5.18362787842 5.23598775598 5.28834763354 5.3407075111 5.39306738866 5.44542726622 5.49778714378 5.55014702134 5.6025068989 5.65486677646 5.70722665402 5.75958653158 5.81194640914 5.8643062867 5.91666616426 5.96902604182 6.02138591938 6.07374579694 6.1261056745 6.17846555206 6.23082542962 
