range:0-360 
center: -4.60815136433 3.67167806824 0.115349832561
a: -1.476780818e-09 -1.03235242918e-08 0.572456029991 -8.34789506495e-09 -0.0146732805233 9.04366784177e-09 -0.0433707749482 2.38833422841e-08 0.00063241969608 -2.27673058965e-08 -0.00664630900624 -3.28893063235e-09 0.0117733177859 
b: -8.6077331038e-06 0.00258488953467 -2.24429606122e-07 6.31540306127e-05 1.0104755972e-08 -0.00031264491635 1.43822701956e-08 0.000140016361245 -7.36758857303e-09 -3.87341713995e-05 -1.7820162405e-08 7.2082376127e-05 -1.3606462613e-08 
c: -0.00157175659734 0.471996307958 -9.99845641835e-09 0.0115291598421 -1.17472542357e-08 -0.0570885985994 -1.09918675916e-08 0.0255696634304 3.61495554402e-09 -0.00707064947644 -2.48638108263e-08 0.0131628900187 2.42806913637e-08 
angles: 6.28318514878 0.0519063950569 0.1038134712 0.155725908668 0.207642550703 0.259566766739 0.311496034483 0.363432869681 0.415377361217 0.467331265203 0.519301012178 0.57129387597 0.623325770572 0.675410664525 0.727560023187 0.779774010418 0.832032321289 0.884313139027 0.936611243609 0.988916153045 1.04121973226 1.09352601482 1.14582820061 1.19812635402 1.25042074759 1.30271822121 1.35502774066 1.40735064281 1.45968682623 1.51202775161 1.56437011014 1.61672343735 1.66908657325 1.72146095051 1.77384807114 1.82625750734 1.8786960833 1.93116419387 1.98365928902 2.03617498872 2.08870134563 2.14123147827 2.19375770183 2.24628116928 2.29880775578 2.35133742356 2.40386962527 2.45640779346 2.50895746875 2.56152309174 2.61410737597 2.6667086754 2.71933011573 2.77197026206 2.82463301282 2.87732818144 2.93007515855 2.98288143823 3.03574378375 3.08865294585 3.1415928579 3.19453277358 3.24744194538 3.30030429437 3.35311056847 3.40585755518 3.45855269385 3.5112153868 3.56385457232 3.6164760527 3.66907736029 3.72166241402 3.77422802123 3.82677768133 3.87931583493 3.9318480227 3.98437767708 4.03690421099 4.08942766448 4.14195389539 4.19448359797 4.2470103591 4.29952573612 4.35202115119 4.40448901842 4.45692782413 4.50933709282 4.56172425234 4.61409865547 4.66646186839 4.71881519805 4.77115756474 4.82349847923 4.87583465027 4.92815756401 4.98046707079 5.03276478219 5.08505891224 5.13735705241 5.18965922454 5.24196549287 5.29426948494 5.34657390659 5.39887199518 5.45115279632 5.50341182158 5.55562514346 5.60777448363 5.65985943557 5.71189127367 5.76388506136 5.81585382019 5.86780872364 5.91975218988 5.9716890131 6.0236192854 6.0755424745 6.12746014837 6.1793715208 6.23127965103 
