range:0-360
center: -4.60815138817 3.78003765941 0.118918909833
a: -1.47183175782e-08 -1.54336504588e-08 0.553028783187 2.6166007512e-08 -0.0123395075893 7.71357298494e-09 -0.0363298013323 -1.07861402403e-08 0.00380448862691 1.10241744887e-08 -0.0037704783652 3.74786085e-09 0.00894770209291 
b: 7.18780052008e-07 0.00240588401788 -2.18600263313e-07 
c: 0.000135868611516 0.467154239583 -1.56966295503e-08 0.012611263125 -3.74430823181e-09 -0.0495448680484 -2.38929082742e-08 0.0211464523233 1.08230673528e-08 -0.00944449703704 -4.95205913133e-09 0.0083951131893 3.55982123376e-09 -0.00364247576703 2.28682736688e-09 
angles: 6.28318519973 0.0523989450541 0.104797840089 0.157196511655 0.209594006518 0.261990417431 0.314386648298 0.366781782282 0.419175255075 0.471567107942 0.523958157189 0.576346200953 0.628731243358 0.681114941006 0.733496114005 0.785875482712 0.838252773509 0.890627962639 0.943000507186 0.995367939437 1.04773295969 1.10009593938 1.15245794824 1.20482067976 1.2571844937 1.30954915643 1.36191319431 1.41427600401 1.46663692641 1.51899624386 1.57135469536 1.62371284361 1.67607114645 1.72842925742 1.78078660198 1.83314240579 1.88549596955 1.93784670531 1.99019505055 2.04254134606 2.09488601852 2.14723008721 2.19957484695 2.25191978044 2.30426500431 2.35660973311 2.40895322615 2.46129639439 2.5136390039 2.56598023352 2.61832080021 2.67065962193 2.72299809539 2.77533382627 2.82766782315 2.87999738133 2.93232406236 2.98464568281 3.03696446894 3.08928011235 3.14159278687 3.1939054671 3.24622112069 3.29853866883 3.35086154503 3.40318708168 3.45551778293 3.50785175323 3.56018745278 3.6125250315 3.66486473462 3.71720447495 3.76954645166 3.82188839023 3.87423155769 3.92657569653 3.97892037751 4.03126506069 4.08361053748 4.13595483498 4.1882993044 4.24064399046 4.29299025315 4.34533856447 4.39768933969 4.4500428819 4.50239870767 4.5547560502 4.60711415887 4.6594724595 4.71183061191 4.76418905491 4.81654838916 4.86890930292 4.92127212903 4.97363615795 5.02600076229 5.07836456742 5.1307272898 5.18308928904 5.23545230685 5.28781731656 5.34018532869 5.39255736335 5.44493253905 5.49730985879 5.54968917062 5.60207032917 5.65445397521 5.70683907429 5.75922792438 5.81161807382 5.8640099151 5.91640435179 5.96879849991 6.02119468626 6.0735911212 6.12598963497 6.17838725507 6.23078614871 
