range:0-360
center: -4.60815138618 3.64809700847 0.115606709155
a: -1.95858769878e-08 -1.73220415502e-09 0.575544440427 2.42704311288e-08 -0.014787027645 -1.01158917787e-08 -0.0449908990745 -5.92736900492e-10 0.000483692961233 4.65151797114e-09 -0.00715367151208 -2.88111129638e-09 0.0115504602408 
b: -7.80159548726e-06 0.00242998498668 -1.89343248876e-07 
c: -0.00145719314784 0.471748857921 -1.90891414232e-09 0.0118728295205 -1.490416106e-08 -0.0588032266845 -1.39976869956e-08 0.0261772593342 8.73307364085e-09 -0.00665689067634 -1.94034223692e-08 0.0141481526669 5.03042442971e-09 -0.00145133744052 -3.69852355075e-09 0.000918220304774 9.39020621739e-09 
angles: 6.28318519768 0.0519366483205 0.103874324669 0.155815055986 0.207760805314 0.259711689821 0.311667418673 0.363627597975 0.415593430699 0.467566718399 0.519554474754 0.571565338097 0.623618440521 0.675731113625 0.727918512306 0.780172295976 0.832454697847 0.884743474998 0.937046791 0.989354287143 1.04165767437 1.09396168363 1.14626168889 1.19856013327 1.2508568092 1.30316025583 1.35547661041 1.40780469443 1.46014461851 1.51248819238 1.56483249142 1.61718675899 1.66955103588 1.72192427176 1.77431101824 1.82671795447 1.87915152168 1.93161147065 1.98409398293 2.03659380479 2.08910462176 2.14162014292 2.19413190975 2.24664138223 2.29915265648 2.35166906342 2.40418694104 2.4567109675 2.509243762 2.5617926871 2.61436127356 2.66694745444 2.71955158831 2.77217071914 2.82480954714 2.87747961517 2.93019817443 2.98297504712 3.0358071873 3.08868464921 3.14159279652 3.19449959173 3.24737842514 3.30021057345 3.35298626705 3.40570600155 3.45837501583 3.51101486388 3.56363393677 3.6162380613 3.66882338767 3.72139274845 3.77394169497 3.82647444542 3.87899779772 3.93151629188 3.98403268788 4.03654399089 4.08905341354 4.14156519108 4.19408063803 4.24659146583 4.29909132251 4.35157380204 4.40403376478 4.45646735258 4.50887427313 4.5612610267 4.61363426305 4.66599853142 4.71835281711 4.77069712958 4.82304069492 4.87538061043 4.92770870972 4.98002505543 5.03232849307 5.08462515991 5.13692364095 5.18922359075 5.24152754516 5.29383143502 5.3461384523 5.39844175683 5.45073110496 5.50301291092 5.55526663976 5.6074541071 5.65956680451 5.71161989148 5.76363168796 5.8156185115 5.86759178206 5.9195575979 5.97151872115 6.02347445595 6.0754243144 6.12737003426 6.17931182696 6.2312494934 
