range:0-360
center: -4.608151414 3.51621452769 0.123592800104
a: -1.91156967826e-08 7.97262774777e-09 0.584864415649 2.43688846742e-08 -0.0123369028853 -2.41180048422e-08 -0.0558741106511 -7.60932036171e-09 -0.000565836255861 8.31936334396e-09 -0.0088464202336 1.20602622147e-08 0.00957671343625 9.65046107555e-12 0.00230736506832 -6.09573279316e-09 0.00491410458768 
b: 7.43751601883e-06 0.00235848444431 -2.07028080878e-07 
c: 0.00135854312534 0.458052322452 7.77976967048e-09 0.0150520621176 -1.47281293715e-08 -0.070939643932 -8.10882205776e-09 0.0279528700674 2.76640128976e-09 -0.00622162495157 -2.27285498191e-08 0.0189412280795 8.196029055e-09 0.000317550639343 -1.3906197865e-08 0.00444754613761 1.42886544076e-08 -0.00461046289075 -1.57430451176e-09 -0.00101772137163 6.69187744174e-09 
angles: 6.28318525776 0.0527944351914 0.105586470132 0.158376946811 0.211164183352 0.263948300837 0.31673359069 0.369522090448 0.42231375704 0.475100687619 0.527866246199 0.580570320241 0.633172224031 0.685657668505 0.738056250632 0.790430863445 0.842838091391 0.895263961108 0.947692551815 1.00011571293 1.05254813447 1.1049829192 1.15741488065 1.20984398495 1.26226410508 1.31467059538 1.36706274507 1.41944375141 1.47181185418 1.52417686669 1.57654321118 1.62890338206 1.68125635717 1.73360845504 1.78595140303 1.83827504872 1.89057675829 1.94285712156 1.99511879003 2.04736545591 2.09960086007 2.15183297143 2.2040642294 2.25629365505 2.30852165869 2.36074542504 2.41296336339 2.46517539202 2.51737308855 2.56955354984 2.62171306641 2.67385483583 2.72598333501 2.77809551825 2.83019155375 2.88225865939 2.9342686686 2.98620376222 3.03805833965 3.08984620867 3.14159272505 3.19333925156 3.24512714141 3.2969817485 3.3489155474 3.40092687842 3.45299394511 3.50508993275 3.5572011231 3.60933058255 3.66147228807 3.7136317662 3.76581221983 3.81800987442 3.87022189504 3.92243982575 3.97466354653 4.02689156167 4.07912097992 4.1313522306 4.18358433479 4.23581975366 4.28806643547 4.34032810968 4.39260849082 4.4449102075 4.49723395116 4.54957689572 4.60192897583 4.65428191738 4.70664209639 4.75900841975 4.81137346963 4.86374156871 4.91612267185 4.96851474041 5.02092127272 5.07334134258 5.12577048763 5.17820244411 5.23063757996 5.28306959678 5.33549275306 5.38792192205 5.44034720298 5.49275499686 5.54512890764 5.5975275653 5.6500130433 5.70261501592 5.75531907798 5.80808465606 5.86087157093 5.91366317256 5.96645269835 6.0192369457 6.07202105507 6.12480828362 6.17759873827 6.23039185508 
