range:0-360 
center: -4.60815138022 3.73371475339 0.116349044126
a: -7.18227717698e-09 -6.41850880775e-09 0.562362003736 3.67127085282e-09 -0.0136837349088 -5.6894829794e-09 -0.0394214380158 3.3013398502e-09 0.00173546082129 8.34903629425e-09 -0.00487847662916 1.10670421359e-08 0.0112952147159 3.68559022928e-09 -0.0001574499203 -1.35413923811e-08 -0.000416401582901 3.20511049481e-09 -0.000611626971773 -3.29261424627e-09 -0.000854984569908 -1.1132796039e-08 -0.0012181805203 1.48667327023e-08 0.00132769444456 1.1252803997e-08 0.000479241835972 -1.84782401191e-08 -0.000546101229474 5.69489688724e-09 -0.000261020103871 1.40651822367e-08 4.35430214253e-05 -1.24681814726e-08 3.65780808807e-05 -9.52835751499e-10 5.84658574352e-05 
b: -5.96097205683e-06 0.00257597229638 -2.18223164679e-07 6.26161905095e-05 1.27083909284e-09 
c: -0.0010537578496 0.470346758721 -6.43551518441e-09 0.011576219828 -1.06564508915e-08 -0.0525938076766 -1.85662350753e-08 0.0235244953006 -3.64300625865e-09 -0.00829389244776 -1.59220484053e-08 0.0104938186765 1.07457947818e-08 -0.00325796935805 -3.90514026948e-09 -0.00038498855496 8.26971694767e-09 -0.00248889404488 2.9997780618e-09 0.000886400506708 -8.55675239764e-09 -0.000659091136575 -4.92380126657e-09 0.000413693861269 3.03057394987e-09 7.98303440841e-05 -4.84638980303e-09 -0.000367882000006 -5.53528946555e-10 -0.00013839749163 1.20933466692e-08 0.00013470392823 -4.94586395891e-09 8.60367244901e-05 5.35072103997e-09 3.28060083223e-05 8.14896181613e-09 
angles: 6.2831851834 0.0520595042179 0.104120588438 0.156185935289 0.208255278682 0.26033009526 0.31241090901 0.364498462538 0.416592650796 0.468696009161 0.520810003083 0.572940276861 0.625091048038 0.677263775975 0.729458429201 0.781678711972 0.833924771369 0.886199958938 0.938503303234 0.990824368457 1.04315533033 1.09549038688 1.14782297139 1.2001493742 1.25246926965 1.30478546986 1.35710585753 1.40943625676 1.46177822328 1.5141295238 1.56648431131 1.61884099075 1.67120266835 1.72357074293 1.77594511216 1.82833370016 1.88074171093 1.93317160928 1.98562117706 2.03808732512 2.09056389554 2.14304280776 2.19551795303 2.24799007208 2.30046423541 2.35294177722 2.40542222421 2.45790698023 2.51039929702 2.56290115617 2.61541196174 2.66793439584 2.7204685018 2.77301454676 2.82558048981 2.87816973684 2.93079187211 2.98344966732 3.03613869942 3.08885717208 3.14159280916 3.19432844996 3.24704564689 3.29973596571 3.35239259361 3.40501588732 3.4576051484 3.51017007479 3.56271707401 3.61525026941 3.66777274449 3.72028433164 3.77278617996 3.82527780356 3.87776319595 3.9302436318 3.98272116287 4.0351953157 4.08766742446 4.14014253822 4.19262143981 4.24509767701 4.29756381861 4.35001372975 4.4024435997 4.45485161851 4.5072402006 4.55961456176 4.6119826202 4.66434431292 4.71670099851 4.76905579771 4.82140708844 4.8737490451 4.92607943443 4.97839999981 5.03071607456 5.08303591151 5.13536230363 5.18769521661 5.2400303569 5.29236082548 5.3446819244 5.39698525575 5.44926111614 5.50150651971 5.55372682946 5.60592150593 5.6580942155 5.71024489865 5.76237522354 5.8144900662 5.86659248689 5.91868666351 5.97077420579 6.02285500873 6.07492981496 6.12699912796 6.1790644725 6.23112555527 
