range:0-360
center: -4.60815110604 4.0440605243 0.153028222856
a: -1.41797977635e-07 -2.12189125442e-08 0.509168693021 1.80347298524e-07 0.00691931991618 1.60501923601e-09 -0.0376573810887 -3.32776778447e-08 0.00392120974605 1.68548263631e-09 -0.00527104112953 -8.61302141596e-09 0.00324527340309 1.22868148814e-08 0.00633415170648 
b: 7.82624801646e-05 0.00220668299569 -1.98274615295e-07 
c: 0.0147114938461 0.429891666463 -2.03964713416e-08 0.0224974818506 -1.03290274395e-07 -0.0416210558239 -3.88373468375e-08 0.0116542119058 4.40183750416e-08 0.00130408240124 -3.54242964448e-08 0.00451126698531 3.36310323047e-09 0.000228668585517 -2.18447844604e-08 0.00161773279069 1.36711219891e-08 -0.00414527701543 -7.190494073e-09 0.00129275232227 3.36940519176e-08 -0.00154309313197 -1.27031357438e-08 
angles: 3.34198199093e-07 0.0566127140869 0.113188561357 0.169725484674 0.22623085 0.282705828027 0.339136181471 0.395490790493 0.451719349895 0.507773231347 0.563607709365 0.619173627472 0.674416239055 0.729280106832 0.783729555568 0.837798467106 0.891549563658 0.945115732059 0.998585795353 1.05205010783 1.10554859768 1.1591109551 1.2126871741 1.26617052048 1.31952863313 1.37286608604 1.42621729688 1.4794905966 1.53263209145 1.58555239415 1.63816321159 1.69045873806 1.74247622303 1.79422838956 1.84579463686 1.8972946372 1.94880256559 2.0003703453 2.05203532064 2.10377229157 2.15550075329 2.20714150847 2.25873814017 2.31020212973 2.36149993821 2.41257126556 2.46336286978 2.51379477773 2.56380598267 2.61340291412 2.66263697434 2.71161295109 2.76039312557 2.80895407735 2.85729137618 2.90539200859 2.95323851253 3.00081304745 3.04806596971 3.09497621482 3.14159219746 3.18820680341 3.23511861563 3.28237162524 3.32994486253 3.37779270137 3.42589209171 3.47422942121 3.52279037303 3.57157161454 3.62054754507 3.66978057813 3.71937855727 3.76938978617 3.81982169982 3.87061410205 3.92168457544 3.97298234118 4.02444693206 4.07604346293 4.12768414065 4.1794130681 4.23114997686 4.28281449234 4.33438231645 4.38589059052 4.43739058283 4.48895686472 4.54070908209 4.59272661984 4.64502217909 4.6976330431 4.75055339125 4.80369495738 4.85696829839 4.91031952107 4.96365701075 5.01701510456 5.07049879158 5.12407467497 5.17763690434 5.23113576611 5.28460004784 5.33806998407 5.39163607377 5.44538779701 5.4994566816 5.55390618696 5.60877006007 5.66401274672 5.71957775061 5.77541310915 5.83146696445 5.88769549221 5.9440500202 6.00048034122 6.05695522414 6.11346158337 6.16999849415 6.22657433948 
