range:0-360
center: -4.60815139214 3.91204741796 0.13564423879
a: -9.8359819634e-10 -2.79067343139e-08 0.524169329534 -7.63735798317e-11 -0.00273459995358 3.5599932602e-08 -0.0305053492712 7.7196663987e-09 0.00744523807725 -1.76798325002e-08 -0.00732980980083 
b: 3.91517663544e-05 0.00230432106463 -1.98099404334e-07 
c: 0.00741104004281 0.447960574908 -2.64607826413e-08 0.0175564221781 -4.62336519118e-09 -0.0457066519208 -1.66406226317e-08 0.0128494741605 1.08869491763e-09 -0.00787559828165 3.09295263648e-09 0.00606497586585 4.07440288023e-09 -0.000649339350812 1.43217919853e-09 0.00242653193885 -3.73401545516e-09 -0.00197402625101 3.57987481649e-09 1.42627671072e-05 4.81801936471e-09 -0.00185006772041 -4.2001187519e-09 
angles: 6.28318520722 0.0544850275488 0.108948485275 0.163377463206 0.217770991161 0.272124155674 0.32643084782 0.380682680171 0.434858269963 0.488934893369 0.54288512113 0.596686744807 0.650337243682 0.703854298572 0.75723008343 0.810492620532 0.863678668777 0.916824561221 0.96994517264 1.02306231034 1.07617529577 1.12931799458 1.18245930311 1.23556300774 1.28857292159 1.3413984038 1.39399677722 1.44638325257 1.49860753563 1.55075517467 1.60286591354 1.65495103625 1.70705818455 1.75922366151 1.81141020197 1.8635472797 1.91561803758 1.96761967987 2.01953335178 2.07135304962 2.1230948307 2.17477868558 2.22643493151 2.27805496389 2.32963262504 2.381170306 2.43267857933 2.48413902298 2.53549969987 2.58673990462 2.63785372825 2.68886120177 2.7397794572 2.79057629181 2.84121271518 2.89169023758 2.94200768379 2.99215997532 3.04213937407 3.09194026197 3.14159278264 3.19124531292 3.24104620976 3.29102560694 3.3411766582 3.39149414858 3.44197172293 3.49260818561 3.54340609557 3.59432437608 3.64533184713 3.69644566791 3.74768585105 3.799046523 3.8505069417 3.90201518873 3.95355219987 4.00512987706 4.05675047717 4.10840669205 4.1600905385 4.21183188652 4.26365198818 4.31556563884 4.36756699204 4.4196377922 4.47177490065 4.5239616455 4.57612711746 4.62823421217 4.68031939871 4.73243012931 4.78457778733 4.83680206195 4.88918855622 4.94178692067 4.99461244787 5.04762235144 5.10072609765 5.15386739446 5.20701008156 5.26012310354 5.3132401811 5.3663607804 5.41950666037 5.47269269574 5.52595517772 5.57933095032 5.63284799279 5.68649847909 5.74030009026 5.79425024424 5.84832691725 5.90250249554 5.95675427401 6.01106099817 6.06541412319 6.11980762622 6.17423662372 6.22870007982 
