range:0-360
center: -4.60815137227 3.84603372614 0.125595632833
a: -2.11916509893e-08 -2.17389044975e-08 0.538300274914 3.06562177548e-08 -0.00885567146823 1.82024583241e-08 -0.0318730234423 -5.28985463961e-09 0.00716408913744 4.80120238275e-09 -0.00465472624399 -6.95575856292e-09 0.00309125540903 
b: 1.62074241829e-05 0.00236521286529 -2.01383509657e-07 
c: 0.00307061403914 0.459433930452 -2.07348788309e-08 0.0149988208237 -1.35294320104e-08 -0.0469964832579 -2.2174844655e-08 0.0166971321636 9.86441686547e-09 -0.0104724951928 3.35418666306e-09 0.00646638669109 -4.65924887253e-09 -0.00246135019577 8.04621408424e-09 
angles: 6.28318516271 0.0532322698436 0.106455607896 0.159665737997 0.212859319656 0.266035338747 0.319190698818 0.372324522803 0.42542715716 0.478484402454 0.531489136088 0.584441193808 0.637344207777 0.690201752265 0.743013072429 0.795780687157 0.848520940938 0.901257295497 0.953976408532 1.00666432629 1.05931305448 1.1119165387 1.1644641531 1.21695487487 1.26942249609 1.32187264509 1.37429583054 1.4266841064 1.47903850669 1.53136403013 1.58365964218 1.6359414029 1.68823056931 1.7405460565 1.79285688551 1.84513976731 1.89737673678 1.94956488574 2.0017045725 2.05379477517 2.10584700079 2.15788390363 2.20991620826 2.26195193977 2.3139786631 2.36599149593 2.41798663493 2.46996128064 2.52191321776 2.5738318152 2.62571776607 2.67757414595 2.72939662312 2.78117859634 2.83290626095 2.88455401565 2.93611627139 2.98759176594 3.03898773044 3.09031266367 3.14159283364 3.19287300914 3.24419794636 3.2955926514 3.34706820988 3.39863051992 3.45027830786 3.50200602449 3.55378804697 3.60561149432 3.65746699372 3.70935295308 3.76127233136 3.81322352672 3.86519889316 3.91719333996 3.96920620407 4.02123351627 4.07326871955 4.12530150845 4.17733837699 4.22939059073 4.2814807935 4.33362040649 4.38580859902 4.43804555324 4.49032825668 4.54263926576 4.59495475093 4.64724390575 4.69952566787 4.75182126822 4.80414680614 4.85650116814 4.90888948457 4.96131265766 5.01376274203 5.06623035087 5.11872111131 5.17126881347 5.22387233212 5.27652104373 5.32920889744 5.38192808565 5.43466437684 5.48740456988 5.5401728797 5.59298350931 5.64584103411 5.69874395833 5.7516960006 5.80470071922 5.85775890143 5.91086057112 5.96399434091 6.01714969525 6.0703257376 6.12351928687 6.17672941369 6.22995383588 
