range:0-360 
center: -4.6081513683 3.88887839119 0.131933908145
a: -1.31337893794e-08 -3.83545368926e-08 0.528941654078 2.11910421731e-08 -0.00505380779578 4.477183672e-08 -0.0304229676276 -4.90407244775e-09 0.00773058363801 -6.91547355181e-09 -0.00655415176747 -5.19133496339e-09 9.4310124143e-05 -6.88386384408e-09 -0.00152718976365 9.9354151823e-09 0.00363983807232 1.31446772564e-08 0.00172371457216 -7.88976790038e-09 -0.00122707444645 -1.11179132883e-08 -0.00141248330681 3.51758651435e-09 0.000749872543649 3.60832001406e-09 4.30838173811e-05 -3.57712464539e-09 -0.000186307184173 5.83216627316e-09 -5.15936614236e-05 -5.20842752001e-10 -1.34865771734e-05 -7.70534509063e-09 -5.321220378e-05 3.11232156979e-09 -1.16356003679e-05 
b: 3.25480586885e-05 0.00247637835917 -2.09992789824e-07 9.50778961563e-05 1.24874600523e-08 
c: 0.00579642166746 0.452301202244 -3.83575331835e-08 0.0166466653529 -5.10751146583e-09 -0.0462174824655 -3.1861283729e-08 0.0139698831146 1.11626374874e-08 -0.00924036739018 6.02435348033e-09 0.00614498521501 1.07587927233e-09 -0.00115905042397 -7.761595123e-09 0.00241092777332 5.7727581242e-09 -0.00135562846791 -1.35600591225e-09 -1.87911811056e-06 7.71663623464e-09 -0.00166694822905 8.13670516212e-10 0.000475525917919 3.20186750179e-09 -0.000297668986123 -6.53786999166e-09 -8.781991702e-05 3.05018719726e-09 -0.000289472131423 2.98584994204e-09 0.000112445057321 -1.01710174672e-09 -0.000185039907103 1.04589453606e-09 0.000139322159123 1.7053288742e-09 
angles: 6.28318515304 0.0540161455589 0.108015928089 0.161987505798 0.215928922973 0.269839112328 0.323710866993 0.377539892407 0.431308180582 0.484993455188 0.538580140215 0.59205153438 0.645419879389 0.698694897684 0.75186449927 0.804948382875 0.857975425689 0.910991631701 0.963980641761 1.01695797533 1.06990861577 1.12285894245 1.17579208556 1.22865995863 1.28142427608 1.33404961731 1.38653320172 1.43889391962 1.49116329533 1.54338479982 1.59557151029 1.64773319407 1.69991180712 1.7521430745 1.80438622043 1.85658803941 1.90872002913 1.96078538034 2.01277196839 2.0646730807 2.11650688771 2.16830734398 2.22009204117 2.27185889278 2.32359100485 2.37529338822 2.42698183247 2.47863331574 2.53021573491 2.58171709332 2.63313077415 2.68447339898 2.73575872286 2.78696456045 2.83804319257 2.88898071142 2.93977644202 2.99042764918 3.04093791283 3.09131389862 3.14159284958 3.1918718046 3.24224779708 3.29275677838 3.34340927101 3.39420499791 3.44514137228 3.496220078 3.54742698082 3.5987113081 3.6500539756 3.70146852546 3.75296906105 3.80455231983 3.85620303906 3.90789149921 3.95959389558 4.01132660101 4.06309292361 4.11487810424 4.1666780925 4.21851190526 4.27041304739 4.32239997004 4.37446532081 4.42659730402 4.4787989175 4.5310422499 4.58327350469 4.63545210517 4.68761381619 4.73980052425 4.79202199229 4.84429138205 4.8966521139 4.94913568478 5.00176106603 5.05452542187 5.10739327919 5.16032601665 5.21327676652 5.26622743781 5.31920470547 5.37219369753 5.42520984083 5.47823686604 5.53132069023 5.584490275 5.63776535177 5.69113360471 5.74460498234 5.79819165146 5.85187691092 5.90564518487 5.95947419683 6.01334696863 6.06725608703 6.12119858651 6.175170152 6.2291688536 
