range:0-360 
center: -4.60815138022 3.73371475339 0.116349044126
a: -7.34166226201e-09 -6.0754500436e-09 0.562362118449 3.85247698531e-09 -0.013683604837 -6.15369528245e-09 -0.0394212244676 3.47510158653e-09 0.00173544826927 8.3861982102e-09 -0.00487846939422 1.10116496935e-08 0.0112938806942 
b: -5.77280327034e-06 0.0025758770762 -2.18222831954e-07 6.33916659553e-05 1.24123290276e-09 -0.000288029198518 -1.67749894854e-09 0.000128810842563 1.18230720553e-09 -4.54139986072e-05 1.03578418078e-08 5.74269996942e-05 -7.03874206159e-09 
c: -0.00105409911404 0.470348330472 -6.11103639104e-09 0.0115751393453 -1.12394886843e-08 -0.0525927738445 -1.84864331123e-08 0.0235216727592 -4.43818426078e-09 -0.00829383049324 -1.64988063036e-08 0.0104845860111 1.04944172754e-08 
angles: 6.2831851834 0.0520595042179 0.104120588438 0.156185935289 0.208255278682 0.26033009526 0.31241090901 0.364498462538 0.416592650796 0.468696009161 0.520810003083 0.572940276861 0.625091048038 0.677263775975 0.729458429201 0.781678711972 0.833924771369 0.886199958938 0.938503303234 0.990824368457 1.04315533033 1.09549038688 1.14782297139 1.2001493742 1.25246926965 1.30478546986 1.35710585753 1.40943625676 1.46177822328 1.5141295238 1.56648431131 1.61884099075 1.67120266835 1.72357074293 1.77594511216 1.82833370016 1.88074171093 1.93317160928 1.98562117706 2.03808732512 2.09056389554 2.14304280776 2.19551795303 2.24799007208 2.30046423541 2.35294177722 2.40542222421 2.45790698023 2.51039929702 2.56290115617 2.61541196174 2.66793439584 2.7204685018 2.77301454676 2.82558048981 2.87816973684 2.93079187211 2.98344966732 3.03613869942 3.08885717208 3.14159280916 3.19432844996 3.24704564689 3.29973596571 3.35239259361 3.40501588732 3.4576051484 3.51017007479 3.56271707401 3.61525026941 3.66777274449 3.72028433164 3.77278617996 3.82527780356 3.87776319595 3.9302436318 3.98272116287 4.0351953157 4.08766742446 4.14014253822 4.19262143981 4.24509767701 4.29756381861 4.35001372975 4.4024435997 4.45485161851 4.5072402006 4.55961456176 4.6119826202 4.66434431292 4.71670099851 4.76905579771 4.82140708844 4.8737490451 4.92607943443 4.97839999981 5.03071607456 5.08303591151 5.13536230363 5.18769521661 5.2400303569 5.29236082548 5.3446819244 5.39698525575 5.44926111614 5.50150651971 5.55372682946 5.60592150593 5.6580942155 5.71024489865 5.76237522354 5.8144900662 5.86659248689 5.91868666351 5.97077420579 6.02285500873 6.07492981496 6.12699912796 6.1790644725 6.23112555527 
