range:0-360 
center: -4.60815138817 3.42364997268 0.133071540568
a: -2.58231933663e-08 9.09981570652e-09 0.584905887414 1.95227315078e-08 -0.00980101242075 -1.773022388e-08 -0.0703597564811 1.05489074094e-08 -0.00272711511209 3.68071865645e-09 -0.011217489316 -6.50252885e-09 0.00786543798519 
b: 2.28287360388e-05 0.0023423501139 -2.10466880525e-07 9.91727498573e-05 4.11852713148e-09 -0.00047597414406 1.8449439284e-08 0.000167417571107 7.66513920424e-09 -2.9656474809e-05 3.51811961106e-09 0.000138926913656 -2.97602527224e-09 
c: 0.00416847877016 0.427708503738 9.67436712402e-09 0.0181065403736 -3.00553219563e-08 -0.0869115265642 -1.28046989987e-09 0.0305720417498 -2.8830820156e-09 -0.00541519949841 -1.92179803509e-08 0.0253708297771 1.53981460637e-09 
angles: 6.2831851908 0.0539451809455 0.107888444338 0.161826828783 0.21576210746 0.269720900644 0.323715721286 0.377777685382 0.431892412097 0.486057520084 0.540007370078 0.593426680623 0.646004764706 0.69801604308 0.749985315899 0.80222715286 0.854717059499 0.907324705327 0.959936577561 1.01253894786 1.06516112694 1.11778618167 1.17040379178 1.22298660868 1.27552910242 1.3280275378 1.38048714717 1.43290950827 1.48529658931 1.53767329818 1.59004876151 1.64240169659 1.69475545646 1.74712200219 1.79945607656 1.85173199341 1.90395471681 1.9561273293 2.0082534557 2.06033240695 2.11237190334 2.16438060738 2.21639249678 2.26839668004 2.32039597667 2.37239417026 2.4243561334 2.47626533241 2.52811484179 2.57989892823 2.63162206243 2.68330178322 2.73491660427 2.78648256826 2.8379840572 2.88937733135 2.94056734366 2.99144757159 3.04191776827 3.09191610234 3.14159285406 3.19126765997 3.24126800482 3.29173655025 3.34261691193 3.39380840575 3.44520162206 3.4967018897 3.54826787198 3.59988368986 3.65156336338 3.70328644864 3.75507048438 3.80691997759 3.85882916146 3.9107911104 3.96278927105 4.01478857444 4.06679276587 4.11880464385 4.17081331541 4.222852844 4.2749318072 4.32705794647 4.37923057262 4.43145331028 4.48372921175 4.53606335648 4.58842984031 4.64078360965 4.69313654141 4.74551199189 4.79788875989 4.85027580149 4.90269824852 4.95515786961 5.00765620598 5.06019873638 5.11278149958 5.16539914499 5.21802414671 5.27064631653 5.32324867711 5.37586053916 5.42846809171 5.48095798663 5.53319972533 5.58516969892 5.63718114862 5.6897595272 5.74317796381 5.79712785804 5.85129292896 5.90540756453 5.95946950257 6.0134653885 6.06742300334 6.12135941946 6.17529778625 6.22923989447 
