range:0-360
center: -4.60815138419 3.45028409958 0.129659346507
a: -2.14718998353e-08 6.73296373318e-09 0.585322859461 1.90782328718e-08 -0.010240174964 -1.56897664989e-08 -0.0651727947567 9.51507612048e-09 -0.00213162706011 1.55576968765e-09 -0.0102161555576 -1.03887622528e-08 0.00841522104063 1.13898034527e-08 0.00293675489119 1.71224547706e-08 0.00710354316322 2.72482428852e-09 0.00406753234948 -1.7087875289e-08 0.00163641480747 -1.649287455e-10 -0.00272623210861 
b: 1.84039561681e-05 0.00226085291527 -2.17644966809e-07 
c: 0.00326573927151 0.439348498923 5.51311985737e-09 0.0167689277995 -2.63915146495e-08 -0.0808075347114 -5.85657091721e-09 0.0291333862381 6.91935275504e-10 -0.00542520411933 -2.05329617393e-08 0.0228471779683 7.52456828873e-10 0.00185424261844 -6.82882425057e-09 0.00733439094127 7.2342924518e-09 -0.00514184536313 6.71289423499e-09 -0.00139305290398 5.50048796653e-09 -0.00646740938539 7.93020864346e-09 -0.00180895440486 -3.0694143598e-09 
angles: 6.2831851843 0.0535235904749 0.10704324094 0.160560348867 0.214071281868 0.267584597218 0.321119017191 0.374679965218 0.428270478961 0.481869304208 0.53539043296 0.58861939533 0.641343323401 0.693652604294 0.745838152847 0.798134689934 0.850595433764 0.903137550328 0.955685488723 1.00822560244 1.0607809145 1.11334280899 1.16589725708 1.21842810217 1.27093171238 1.32340273746 1.37584236497 1.42825191821 1.48063298631 1.53300512532 1.58537976112 1.63773792075 1.69009297931 1.74245071712 1.79478402229 1.84707355087 1.89931529076 1.95151126978 2.00367179647 2.05579249689 2.10788535832 2.15996389069 2.21203539271 2.2641008909 2.3161651036 2.36822069047 2.42025585035 2.47226155406 2.52421772865 2.57613049393 2.62799156484 2.67982031652 2.73159843288 2.78334271917 2.83504089638 2.88664964037 2.93810906959 2.98935189264 3.04032998427 3.09104892232 3.14159284902 3.19213502466 3.2428540798 3.29383386367 3.34507525684 3.39653478258 3.44814476424 3.49984287788 3.551587123 3.60336421652 3.65519390319 3.70705489417 3.75896764311 3.8109238023 3.86292949144 3.91496401791 3.96702017254 4.01908437176 4.07114985696 4.12322134636 4.17529988773 4.22739273757 4.27951347098 4.33167398743 4.38386997922 4.4361117326 4.48840135637 4.54073458317 4.59309227957 4.64544737403 4.69780554299 4.75018018981 4.8025523527 4.85493344227 4.90734291058 4.95978248254 5.01225354587 5.06475723782 5.1172880731 5.16984251113 5.22240474127 5.27495965383 5.32749975702 5.38004768437 5.43258974786 5.4850504377 5.53734763157 5.58953325062 5.64184174596 5.69456582188 5.74779484194 5.80131601579 5.85491477966 5.90850634512 5.96206614487 6.01560164383 6.0691138155 6.12262585583 6.17614182268 6.22966147963 
