range:0-360
center: -4.60815138618 3.38438190818 0.141254273298
a: -2.10660363596e-08 7.45778141118e-09 0.583613243832 6.70498564065e-09 -0.0110800500167 -1.80794530571e-08 -0.0800640481228 1.6376717323e-08 -0.00286264585009 -1.51802515922e-08 -0.0138158542173 -1.04450767544e-08 0.00747031140534 1.46363325683e-08 0.0033310597016 2.02702964575e-08 0.0105571894178 1.38288771049e-08 0.00561976414017 3.73969966151e-09 0.00382811253687 1.70883027811e-11 -0.00228574007443 -1.19380848115e-08 -0.000985343385789 -6.72545444456e-09 -0.00360570694362 -7.00478457723e-09 -0.00206503328545 
b: 3.74514726649e-05 0.00206085751478 -2.3380290301e-07 
c: 0.00600090510417 0.401748263884 8.37349691331e-09 0.0230793752439 -3.51571203463e-08 -0.101810832294 -7.58825786318e-10 0.037016387983 -1.39770238211e-08 -0.00794523263579 -3.278448517e-08 0.0324055209896 -1.2131086453e-08 0.00252987097925 -3.18674171573e-08 0.014387143378 -5.34998053501e-09 -0.00641755698796 -1.13817752083e-09 2.6000476658e-05 1.88752819753e-08 -0.00974527645218 1.46903694873e-08 -0.00279436009084 1.25543888155e-08 -0.00386091214059 7.22235609269e-09 0.000277835007439 -5.38513795595e-09 0.00122157680597 -4.91687552001e-09 0.00220097066099 -9.87822985168e-09 0.00183155156006 -6.84652090562e-09 
angles: 6.28318517986 0.0551348902114 0.110268083466 0.16541497355 0.220612006511 0.275884784954 0.331355471111 0.387004126403 0.442946769617 0.498706692408 0.553536308565 0.606853422675 0.658356920582 0.709570156379 0.761026327002 0.813167226638 0.86575902292 0.91853616585 0.971302362459 1.02405805152 1.07684827624 1.12964271509 1.18240505576 1.23511894149 1.28776150703 1.34032633524 1.39282204932 1.4452732902 1.49766420717 1.55004423402 1.60241072961 1.65474626999 1.70708741764 1.75945790897 1.81178507768 1.86402725761 1.91619531383 1.9683228993 2.02038693793 2.07237488207 2.12428205895 2.17615740751 2.22802769509 2.27990477724 2.33180706266 2.38367843025 2.43548236734 2.48719598949 2.53880902317 2.59031408432 2.64175513278 2.69311327117 2.74439382217 2.79566872237 2.84694238332 2.89829561773 2.94946779763 2.99957395778 3.0484981973 3.09555219527 3.14159295161 3.18763374305 3.2346878562 3.28360990509 3.3337163809 3.38488874294 3.4362434003 3.48751695786 3.53879062993 3.59007120909 3.64142936155 3.69287132305 3.74437633183 3.79598933036 3.84770291754 3.89950685848 3.95137817263 4.00328048421 4.05515753328 4.10702782913 4.15890314471 4.21081037455 4.26279833025 4.31486238131 4.36698997993 4.41915804987 4.47140014225 4.52372732941 4.57609793744 4.62843900792 4.68077457083 4.73314107 4.78552113854 4.83791202061 4.89036323044 4.9428590675 4.99542380154 5.04806635835 5.1007802798 5.15354261088 5.20633699633 5.25912725442 5.31188289042 5.36464907645 5.4174261667 5.47001849188 5.52215866769 5.57361552879 5.62482787583 5.67633264356 5.7296500214 5.78447860972 5.84023860984 5.89618120638 5.95182976577 6.00730035573 6.06257311612 6.11777010593 6.17291698654 6.22805017052 
