range:0-360 
center: -4.60815138817 3.42364997268 0.133071540568
a: -2.71149759809e-08 6.32284909961e-09 0.584913143982 1.69729055961e-08 -0.00979161043878 -2.01166140791e-08 -0.0703380031644 1.07650376229e-08 -0.00270450055134 5.54034403452e-09 -0.0111766874751 -7.87513279707e-10 0.00790960420396 2.93518078443e-09 0.00325303883218 1.000214591e-08 0.00822841698947 2.06930924166e-08 0.00479223985096 2.55984442483e-10 0.00227347633533 -1.3738682887e-08 -0.00258138783605 -1.09917446285e-08 -0.00131777172498 -1.05927928416e-10 -0.00275240456782 -2.69534878584e-09 -0.0017027895695 -8.59091093811e-10 -0.00087797277076 3.17476237465e-10 0.000381885520431 2.04592821935e-09 0.00096116757589 1.97137754991e-09 0.00107079413898 
b: 2.54251367881e-05 0.00234099560859 -2.10482902861e-07 0.000106265764049 3.92100185942e-09 
c: 0.00414082170272 0.42772020795 6.34396423522e-09 0.0180730486248 -3.71627623753e-08 -0.0868551311104 -7.57514151175e-09 0.0305687808309 -9.39479526609e-09 -0.00534030449014 -2.25496935222e-08 0.0253635332139 6.42330772136e-10 0.00258398485496 -1.44806918804e-08 0.00922537367245 9.99821958767e-09 -0.00546050908862 8.98712532438e-09 -0.00127691880982 2.03347696039e-08 -0.00767106164977 1.61022861637e-08 -0.00223369562229 9.25926305205e-09 -0.002336878928 2.63659435228e-09 0.000785550463297 -5.10101945034e-09 0.00129447433119 2.17624194229e-09 0.00210530503205 -8.22088905012e-09 0.00121321420922 3.86086238262e-09 0.000650012708273 -6.50793540734e-09 
angles: 6.2831851908 0.0539451809455 0.107888444338 0.161826828783 0.21576210746 0.269720900644 0.323715721286 0.377777685382 0.431892412097 0.486057520084 0.540007370078 0.593426680623 0.646004764706 0.69801604308 0.749985315899 0.80222715286 0.854717059499 0.907324705327 0.959936577561 1.01253894786 1.06516112694 1.11778618167 1.17040379178 1.22298660868 1.27552910242 1.3280275378 1.38048714717 1.43290950827 1.48529658931 1.53767329818 1.59004876151 1.64240169659 1.69475545646 1.74712200219 1.79945607656 1.85173199341 1.90395471681 1.9561273293 2.0082534557 2.06033240695 2.11237190334 2.16438060738 2.21639249678 2.26839668004 2.32039597667 2.37239417026 2.4243561334 2.47626533241 2.52811484179 2.57989892823 2.63162206243 2.68330178322 2.73491660427 2.78648256826 2.8379840572 2.88937733135 2.94056734366 2.99144757159 3.04191776827 3.09191610234 3.14159285406 3.19126765997 3.24126800482 3.29173655025 3.34261691193 3.39380840575 3.44520162206 3.4967018897 3.54826787198 3.59988368986 3.65156336338 3.70328644864 3.75507048438 3.80691997759 3.85882916146 3.9107911104 3.96278927105 4.01478857444 4.06679276587 4.11880464385 4.17081331541 4.222852844 4.2749318072 4.32705794647 4.37923057262 4.43145331028 4.48372921175 4.53606335648 4.58842984031 4.64078360965 4.69313654141 4.74551199189 4.79788875989 4.85027580149 4.90269824852 4.95515786961 5.00765620598 5.06019873638 5.11278149958 5.16539914499 5.21802414671 5.27064631653 5.32324867711 5.37586053916 5.42846809171 5.48095798663 5.53319972533 5.58516969892 5.63718114862 5.6897595272 5.74317796381 5.79712785804 5.85129292896 5.90540756453 5.95946950257 6.0134653885 6.06742300334 6.12135941946 6.17529778625 6.22923989447 
