range:0-360 
center: -4.60815137227 3.79576703707 0.120196240456
a: -8.93760807264e-09 -8.73518797197e-10 0.549577569772 5.79024375036e-09 -0.0117805331823 -1.83446459718e-08 -0.0351804075543 1.95275035066e-08 0.00472554560214 2.98513187657e-08 -0.00364864834779 -1.55257374341e-08 0.00767941128749 -1.44782804764e-08 -0.0026793519948 -5.78087686396e-10 -0.000560008461103 2.43587767023e-09 1.20710467345e-06 -5.50849659335e-09 -4.04364274953e-05 -5.92652755625e-09 -0.000201484365965 9.5457685782e-09 0.00150754459654 8.05390302474e-09 -0.000122094829248 -1.08096646506e-08 -0.0012317546577 -4.09198940056e-09 -0.000236643919825 1.12683665074e-08 0.000365739666192 1.26557538394e-08 0.000247115705124 -8.63546270296e-09 2.98205849133e-05 
b: 3.75119462958e-06 0.00255025138462 -2.15158896431e-07 7.22735101605e-05 3.02147400664e-08 
c: 0.000666118336582 0.465684292458 -9.60771575885e-10 0.0131127655845 -1.20114650351e-08 -0.04871287503 -2.0190539353e-08 0.0201677563227 1.34491677149e-08 -0.0098838079128 -8.60334206667e-09 0.00776280518461 1.73976718828e-08 -0.0035558202498 6.71062575445e-09 0.000643402590903 1.15686631111e-09 -0.000877678495246 -5.36825352716e-09 0.00124385348732 -4.98350401077e-09 -0.000677405095898 -8.90666433935e-09 -0.000223236798951 -1.03650878677e-09 -0.000353860654755 -6.76364370512e-09 -0.000499011707784 -2.34845083298e-09 4.87013165245e-06 -2.63407320354e-09 0.000367078962693 -1.88203355607e-09 -5.56567409102e-06 6.20184031834e-09 -2.81061397646e-05 8.34921012419e-10 
angles: 6.28318516425 0.0525495933215 0.105097269232 0.15764293456 0.210185165291 0.262722370024 0.315256767692 0.367786248782 0.420309306083 0.472824114327 0.525329648827 0.577823396762 0.630307363091 0.682779926037 0.735242942203 0.787697881566 0.840145163606 0.892585131635 0.945012267549 0.997423434426 1.04981828437 1.10219884522 1.1545724173 1.20694742519 1.25932786803 1.31171081098 1.36409182534 1.41646651673 1.46883282819 1.5211910702 1.57354378529 1.62589478466 1.67824740513 1.73060081919 1.78295086203 1.83529340278 1.88762482362 1.93994343888 1.99224948355 2.04454529317 2.0968332294 2.14911865906 2.20140467644 2.25369362877 2.30598053158 2.35826500536 2.41054591725 2.46282294332 2.51509571844 2.56736325949 2.61962521851 2.67188126016 2.72413068028 2.77637026334 2.82859861087 2.88080942456 2.93300232655 2.98517385313 3.03732719783 3.08946439318 3.14159283178 3.19371995206 3.2458571897 3.29801182246 3.35018336103 3.40237512871 3.45458704619 3.50681437712 3.55905493263 3.61130434223 3.66356034383 3.71582232389 3.76808982216 3.8203618833 3.87263956603 3.92492046668 3.9772048896 4.02949180093 4.08178074202 4.13406672653 4.18635216735 4.23864004606 4.29093586728 4.34324190007 4.39556049094 4.44789192785 4.50023444795 4.55258449748 4.60493790003 4.65729052178 4.70964152024 4.76199422615 4.81435254038 4.86671888356 4.91909343645 4.97147443928 5.02385737061 5.07623810321 5.12861309598 5.18098635618 5.23336690383 5.28576183656 5.33817298872 5.39060079086 5.44304015138 5.49548741508 5.54794233565 5.6004052936 5.6528778022 5.70536182247 5.75785637213 5.81036100648 5.86287675032 5.9153998208 5.96792927156 6.02046269974 6.07300090202 6.12554211315 6.17808775463 6.23063543564 
