range:0-360
center: -4.60815134843 3.71405912439 0.115693599738
a: -1.70300547925e-08 3.95100133676e-09 0.56583798778 1.74871115733e-08 -0.0140457504654 -2.14262148761e-08 -0.0406558775522 1.60293067149e-09 0.00120573020469 2.19825848696e-08 -0.00545629211519 1.00463584109e-09 0.0116835330966 
b: -6.99285364854e-06 0.00242704626787 -1.92313267735e-07 
c: -0.00131440477013 0.471188020327 4.07911744162e-09 0.0114172817832 -1.71455941138e-08 -0.0539928139983 -1.33426963082e-08 0.0242572972948 1.96503054689e-09 -0.0078809010418 -1.28482395807e-08 0.0113672286591 4.65222896683e-09 -0.00290614711134 5.35918504703e-09 
angles: 6.28318511289 0.0519834725474 0.103969968585 0.155959216928 0.207955232361 0.259957039855 0.31196476756 0.363980568852 0.41600482197 0.468039042315 0.520086262734 0.572153815518 0.624247563838 0.676372026589 0.728532566967 0.780730893168 0.832967515415 0.885239396572 0.937539735418 0.989854731359 1.04217626428 1.09450074686 1.14682255756 1.19913696344 1.25144480529 1.30375174219 1.35606495917 1.40838940235 1.46072712781 1.51307334082 1.56542309618 1.61777701107 1.67013926183 1.7225100825 1.77488944775 1.82728709655 1.87970943683 1.93215816772 1.98463132282 2.03712426351 2.08962881216 2.1421349169 2.19463684541 2.24713688419 2.29963934734 2.35214424206 2.40465268699 2.45716545952 2.50968788001 2.56222348947 2.61477077602 2.66733320763 2.71990942864 2.77250220688 2.82511711951 2.87776136497 2.93044670754 2.98317691105 3.03595071532 3.08875973338 3.14159289889 3.19442474223 3.24723509082 3.30000764785 3.35273791537 3.40542442635 3.45806758852 3.51068254842 3.56327534452 3.61585157619 3.66841483163 3.72096210032 3.77349696863 3.82601941778 3.87853281705 3.93104124529 3.98354612393 4.03604857143 4.08854857423 4.14105048708 4.19355615277 4.24606110947 4.29855405768 4.35102714979 4.40347592461 4.45589824921 4.50829588846 4.56067523194 4.61304605574 4.66540829739 4.71776222181 4.77011201996 4.82245825914 4.87479588222 4.92712031005 4.97943374704 5.03174045699 5.08404823563 5.13636271926 5.18868484988 5.24100931608 5.29333039946 5.34564590925 5.39794569563 5.45021819695 5.50245424603 5.55465259243 5.60681314988 5.65893755129 5.71103218018 5.76309877897 5.8151469115 5.86718018811 5.91920442668 5.9712202141 6.02322891047 6.07523075512 6.12722570743 6.17921600592 6.23120145307 
