range:0-360 
center: -4.60815138221 3.578649803 0.118787997744
a: -2.69946777195e-08 9.57143648703e-09 0.581988636579 3.39703878866e-08 -0.0140920026383 -1.75693975053e-08 -0.0501282280778 -8.70675997926e-09 7.83774171978e-05 -2.17028133374e-09 -0.00798334565055 -1.21771343953e-09 0.0105312511645 
b: -2.11583965581e-06 0.00256086421213 -2.35792550169e-07 7.29387943324e-05 -1.00110123814e-08 -0.000351773520858 2.54492587456e-08 
c: -0.000383719594739 0.467597368654 9.48181801719e-09 0.0133245940528 -1.9287088526e-08 -0.0642620792406 2.07462287112e-09 0.0273389077635 7.61809547539e-09 -0.00614916815576 -1.58506746742e-08 0.0167309569456 -7.98026002651e-10 
angles: 6.28318518704 0.052245215605 0.104490612596 0.156737296276 0.208983741387 0.261232736974 0.313481661908 0.365729571195 0.41797803753 0.47022824365 0.522481293184 0.574745631671 0.627028447213 0.679336947965 0.731670780057 0.784016850351 0.836360786416 0.88870125783 0.941044547791 0.993388730913 1.04573114194 1.0980718374 1.15041233088 1.20275346667 1.25509560604 1.30744056374 1.35978985272 1.41214239542 1.46449859941 1.5168555556 1.5692120142 1.62157049523 1.67393135682 1.72629416694 1.77865916738 1.83103004448 1.88340742431 1.9357911943 1.98818023205 2.04057404722 2.09297105041 2.14536823937 2.19776605261 2.25016364675 2.30256192989 2.35496245821 2.40736365369 2.45976596839 2.51217132531 2.56458173719 2.61699748147 2.66941791894 2.72184260183 2.77427175473 2.82670516357 2.87914703203 2.93160440547 2.98407793649 3.03656955803 3.08907635956 3.14159281546 3.19410785455 3.24661471293 3.29910771841 3.35158124559 3.40403747888 3.45647940106 3.50891282723 3.56134294166 3.61376755768 3.6661879814 3.71860368115 3.7710133543 3.82341942243 3.87582168872 3.92822287077 3.98062280103 4.03302165681 4.08541968663 4.13781701926 4.19021421717 4.24261125242 4.29500503463 4.34739409577 4.39977786725 4.45215525488 4.50452613432 4.55689119693 4.60925389893 4.66161480875 4.71397329211 4.76632976287 4.81868667274 4.87104293185 4.92339546526 4.97574474481 5.02808969296 5.08043182268 5.13277294864 5.1851134321 5.23745411722 5.28979701699 5.34214068916 5.39448392435 5.44682499304 5.49916893365 5.55151505591 5.60384817877 5.65615674439 5.70843958183 5.7607039381 5.81295793003 5.86520710361 5.91745555963 5.96970446947 6.02195339863 6.07420135985 6.12644884378 6.17869445712 6.23093985311 
