range:0-360 
center: -4.60815137227 3.79576703707 0.120196240456
a: -8.82600305556e-09 -6.46297182943e-12 0.549577232459 6.21041829468e-09 -0.011780398019 -1.7042118577e-08 -0.0351804838385 2.03161070643e-08 0.004726364308 3.06546808398e-08 -0.00364826670795 -1.60609022721e-08 0.00768356378718 
b: 3.6499542867e-06 0.0025503110941 -2.15177355304e-07 7.18218733898e-05 3.0257678728e-08 -0.000266772119744 1.74337079412e-08 0.000110454598433 -2.72449328678e-09 -5.41339587423e-05 5.36670108326e-09 4.25549418141e-05 1.34212786818e-09 
c: 0.000666476766085 0.46568347284 -1.02105655198e-09 0.0131134862129 -1.1704046623e-08 -0.0487134912023 -2.0263160879e-08 0.0201693075557 1.42832952601e-08 -0.00988421768714 -8.39325304776e-09 0.00776842316104 1.7578673561e-08 
angles: 6.28318516425 0.0525495933215 0.105097269232 0.15764293456 0.210185165291 0.262722370024 0.315256767692 0.367786248782 0.420309306083 0.472824114327 0.525329648827 0.577823396762 0.630307363091 0.682779926037 0.735242942203 0.787697881566 0.840145163606 0.892585131635 0.945012267549 0.997423434426 1.04981828437 1.10219884522 1.1545724173 1.20694742519 1.25932786803 1.31171081098 1.36409182534 1.41646651673 1.46883282819 1.5211910702 1.57354378529 1.62589478466 1.67824740513 1.73060081919 1.78295086203 1.83529340278 1.88762482362 1.93994343888 1.99224948355 2.04454529317 2.0968332294 2.14911865906 2.20140467644 2.25369362877 2.30598053158 2.35826500536 2.41054591725 2.46282294332 2.51509571844 2.56736325949 2.61962521851 2.67188126016 2.72413068028 2.77637026334 2.82859861087 2.88080942456 2.93300232655 2.98517385313 3.03732719783 3.08946439318 3.14159283178 3.19371995206 3.2458571897 3.29801182246 3.35018336103 3.40237512871 3.45458704619 3.50681437712 3.55905493263 3.61130434223 3.66356034383 3.71582232389 3.76808982216 3.8203618833 3.87263956603 3.92492046668 3.9772048896 4.02949180093 4.08178074202 4.13406672653 4.18635216735 4.23864004606 4.29093586728 4.34324190007 4.39556049094 4.44789192785 4.50023444795 4.55258449748 4.60493790003 4.65729052178 4.70964152024 4.76199422615 4.81435254038 4.86671888356 4.91909343645 4.97147443928 5.02385737061 5.07623810321 5.12861309598 5.18098635618 5.23336690383 5.28576183656 5.33817298872 5.39060079086 5.44304015138 5.49548741508 5.54794233565 5.6004052936 5.6528778022 5.70536182247 5.75785637213 5.81036100648 5.86287675032 5.9153998208 5.96792927156 6.02046269974 6.07300090202 6.12554211315 6.17808775463 6.23063543564 
