range:0-360 
center: -4.97851245403 3.00364177823 0.162609013892
a: -0.00127516569615 -0.00246113719272 0.318861020543 0.00461314631768 -0.000948556198301 0.00172412475535 0.0136981235339 -0.00364758687965 0.00185598432642 0.001712933735 -0.000903081061981 0.000791003105752 0.000535427860346 
b: 0.000251253569967 0.0211032637047 -0.0345798995376 -0.000224926071517 0.000231713670896 
c: 0.00185676359493 0.344853036562 -0.00246096986682 0.00466143994779 0.00206307395729 0.0122940111341 -0.00319737888039 0.00375361784378 0.00303008260913 -0.000494575080057 0.000243425059486 0.00137216804244 0.00016087830188 
angles: 0.00725303161705 0.164943358615 0.322412468146 0.47964483871 0.636625167285 0.793407890978 0.95005029059 1.10661243368 1.26316590926 1.41967752915 1.57606438737 1.73221511061 1.88821225767 2.0442586335 2.20036901298 2.35647363337 2.51248118384 2.66826529233 2.82374916991 2.97891156023 3.13381334 3.2885882027 3.44334313919 3.59816253197 3.75318184095 3.90855510937 4.06445036846 4.22101290638 4.3783473523 4.53633706843 4.69492217553 4.85418296372 5.01401179218 5.17424759985 5.33462146861 5.4949152865 5.65494495424 5.8145857966 5.97376509221 6.132376785 
