range:0-360 
center: -4.96834464073 3.13776816726 0.154850417815
a: -0.00324740934739 -0.00215570121093 0.319985637572 0.00520806730883 -0.00228220818974 0.00123289160668 0.0136346277926 -0.0032021137011 0.00336143541664 0.0012883685994 -0.00130821490077 0.00136101198809 0.000489218652367 
b: 0.000478066902851 0.0210982998158 -0.0346819502284 -0.000195215864325 0.000169755154624 
c: 0.00206617985184 0.345291115126 -0.00215549091713 0.00641406269802 -0.00128635824047 0.0116705881084 -0.00307771357581 0.00533458413009 0.000721231395649 -0.000652735629034 -0.000555521452471 0.00148966036438 -0.00113282013437 
angles: 0.0185796655044 0.176650100991 0.334359478279 0.491369584072 0.647681522163 0.803497047382 0.958945687862 1.11411107045 1.26891675128 1.42328748168 1.57730144636 1.73109088035 1.88495794732 2.03914432255 2.19364850722 2.34836864746 2.50312480404 2.65775117625 2.81224554066 2.96668510834 3.12121431534 3.27608153727 3.43125439822 3.58672296001 3.74266193668 3.89917174748 4.05638157361 4.21446390698 4.37351015717 4.53334726429 4.69395834899 4.85530186344 5.0172084406 5.17938375336 5.34148594087 5.50320765715 5.66432430492 5.82474738882 5.98452307935 6.14344424195 
