range:0-360 
center: -4.95683318376 3.27166843414 0.145747599658
a: -0.00461677213607 -0.00163815292881 0.316478880781 0.00379704669043 -0.00253431486716 0.000952736234103 0.0113838595017 -0.00126390129573 0.00328187925064 0.00054737967018 -0.000564517196127 0.00189689069066 0.000321802087065 
b: 0.000593657384962 0.0206828781003 -0.0342721456624 -9.51816807623e-05 -5.97640175306e-05 
c: 0.0015317295245 0.339324373437 -0.00163726575648 0.00559698409869 -0.00543531786257 0.0114612321054 -0.00232134141935 0.00485002097411 -0.00289934748246 0.000643395934746 -0.000823032122088 0.00123687543132 -0.00228518054217 
angles: 0.0269719857263 0.185260965147 0.342653243429 0.498888748355 0.65407844366 0.808498079789 0.962331290426 1.11581136649 1.26891727863 1.42150427419 1.57380566611 1.72618085209 1.87889926233 2.03209362121 2.18574468617 2.33967761766 2.49374719607 2.64794628177 2.80236611922 2.957135871 3.11236192817 3.26816549037 3.42428067754 3.58059484271 3.73753843465 3.89515992306 4.05358544919 4.21298669619 4.37351495615 4.53488771629 4.69705447737 4.85989075465 5.02312582126 5.18642347865 5.34938906642 5.51165680822 5.67298841113 5.83343271341 5.99298719658 6.1516876124 
