range:0-360 
center: -5.0438416481 2.49561347962 0.161178128538
a: 0.0101757810825 0.00301197368703 0.26708576983 -0.00307687909135 0.0141652215245 -0.0025530831222 0.0147310308914 -0.00698326840293 -0.00138009595776 6.24600853118e-05 -0.00109990531726 0.000688469982675 -0.000533008832888 
b: -0.00120312246913 0.00454990493405 -0.0368935916473 0.000609880692488 -0.0016738787194 0.000508230730826 -0.0019538447369 
c: 0.0123342393536 0.293975246371 0.0030098261907 0.0104980507191 0.0172709797555 0.0121582389213 0.00346348620639 -0.00228199767259 0.00721122032839 -0.00145724979029 0.000988969845773 -0.000375587178786 0.000863655115899 
angles: 6.21353295162 0.100779610615 0.270466803991 0.439610482151 0.609257418157 0.780101119689 0.952641905225 1.12721562503 1.30417103655 1.4820342174 1.65726882224 1.82805674685 1.99430473037 2.15628481433 2.31444460699 2.47012370692 2.62401605899 2.77566344725 2.92542791515 3.07401753207 3.22060969482 3.36466217513 3.5062788522 3.64581316727 3.78368361176 3.92046224159 4.05682896429 4.19379016055 4.3325161383 4.47383416159 4.61795628314 4.76428723451 4.91339759427 5.06615979782 5.22286362869 5.38359217802 5.54638308836 5.71046179239 5.87616889798 6.04384676718 
