range:0-360 
center: -5.02893185616 2.46806859374 0.191661270196
a: 0.00207582933883 0.00410160439135 0.264216370179 0.00396795556645 0.00373593273577 -0.00439542459161 0.0134711996997 -0.00544589506394 -0.00361654353308 0.00100974211434 -0.000225736596189 -0.000104446098683 -0.000158208834228 
b: -0.000218161897262 0.0171305825662 -0.0282869095679 -0.000625433633393 9.79552963065e-05 
c: 0.000135492804534 0.290808060252 0.00410127661977 -0.00346506416514 0.0081190876341 0.0131197373613 0.00380630475001 -0.00358346695772 0.00664013320054 -0.000120167752507 0.000421778903469 0.000183259575941 0.00109032932517 
angles: 6.26758568621 0.141554972549 0.298519320312 0.455402995772 0.612416174159 0.769712858339 0.927457660297 1.08578392699 1.24478012708 1.40448288383 1.56489723729 1.72578983459 1.88675977931 2.04744296167 2.20761492217 2.36715798895 2.52607662896 2.6844608401 2.84229588488 2.9995862059 3.15648044004 3.31286869593 3.46870272411 3.62405087527 3.7789518582 3.93352149332 4.08782242914 4.24197619536 4.39617190256 4.55059481544 4.70532122566 4.86034472049 5.01570251713 5.17144005964 5.32753520524 5.48379589789 5.64018378658 5.79671263823 5.95343482076 6.11041436353 
