range:0-360 
center: -4.97284013033 3.16881824732 0.141757010994
a: 7.44215493131e-05 -0.0018458685999 0.319083220281 0.0015535899856 0.0025677037272 0.00148324629876 0.0133153608807 -0.00313910790327 0.00427118534942 0.00056694784484 -0.00112429140552 0.00156354775937 0.000362367646595 
b: 0.000119321942985 0.00606558189297 -0.0441639902998 3.09372265419e-06 -0.000330091410109 -1.75645285125e-05 -0.00186458538551 
c: 0.00767704452288 0.344260176401 -0.00184531623458 0.0127855245903 0.00170296035602 0.0118620354864 -0.00220813982701 0.00594965835029 0.000117921280026 -0.000322005868282 -0.000156073360882 0.00130346496902 -0.00146703362863 
angles: 6.28221250337 0.160517126537 0.322324828997 0.484422638908 0.646666817784 0.809090837755 0.971744738054 1.13452405797 1.29674017979 1.45772039142 1.61688840622 1.77399228063 1.92955674675 2.08401496545 2.23763789377 2.39053207597 2.54271837153 2.69402943608 2.84435103944 2.99383855462 3.14273821748 3.29149049481 3.44042331772 3.58972153172 3.73966982378 3.89046081378 4.04229226133 4.19534301611 4.35001772773 4.50610216344 4.66347346832 4.82228210784 4.98247599846 5.14408905241 5.30667129247 5.46989111334 5.63322412224 5.79625693 5.95863410436 6.12061871569 
