range:0-360 
center: -5.01733959913 2.60208805203 0.184679168463
a: 0.000808461518506 0.00257859963369 0.285187983741 0.00450018964727 0.00258411781834 -0.00214003333119 0.0129052338071 -0.00482720908297 -0.000967866154333 0.000292802420955 -1.28948948616e-05 0.000145731117901 -0.00114125994345 
b: -4.64098292779e-05 0.0184680161383 -0.0306412319215 -0.000556159107469 9.57789151927e-05 
c: 0.000681990796148 0.310225454492 0.00257834936899 -0.00122043032541 0.00611675123019 0.012132281615 0.00301653106897 -0.00283627837476 0.00578999077675 -0.000756272245088 0.00117451624115 -0.000724987002563 0.00110414429821 
angles: 6.27755819582 0.151546818093 0.308478309229 0.46526073051 0.622056395903 0.779018006854 0.936265119004 1.09388596198 1.25192510139 1.41035806248 1.56907883594 1.72792553369 1.88676080127 2.04548742728 2.20399607123 2.3621716007 2.51999691721 2.67741035363 2.83439605991 2.9909368839 3.14706262741 3.30278420294 3.45814058209 3.61322779732 3.76816004878 3.92306406043 4.07806916219 4.23331195438 4.38893011648 4.54497438057 4.70141692289 4.85826691562 5.01553557713 5.17318382041 5.33111588335 5.48913362944 5.64710821965 5.80495086686 5.96263642168 6.12017750244 
