range:0-360 
center: -5.1009382844 2.07616382241 0.146302608153
a: 0.0105405123882 0.00447675513444 0.220934383516 -0.0107025285383 2.44179537686e-05 -0.00654170883079 0.00967130751238 0.000439221614109 -0.00138722853437 0.00208484873539 0.000392134035872 -0.000634919431728 0.00197570799461 
b: -0.00144529596069 0.00344956568778 -0.0304825269585 0.001506686029 0.000172937742829 0.00107075579716 -0.00129743264083 
c: 0.000790704712191 0.241076841828 0.00447682065928 0.00155499172331 0.0103770144344 0.0104724850045 0.0024102357063 0.00291617804261 0.000111519956507 0.00040345788876 -0.00204847461271 0.00232246707971 -8.12763618309e-05 
angles: 6.19387988716 0.0688497055483 0.227579525761 0.38805638303 0.550864362819 0.716265805183 0.884441380034 1.05429938605 1.2252623218 1.3974563225 1.570997469 1.74561624173 1.92029874522 2.09315140143 2.26253758093 2.42853202544 2.59280429647 2.75652544388 2.91903816166 3.0788169364 3.23581927537 3.39072238821 3.54360827935 3.69441571727 3.84381437495 3.99192217821 4.13859136613 4.28353146957 4.42639660615 4.56730677826 4.70692409202 4.84626355028 4.98625456787 5.12772213225 5.27130314102 5.41753001778 5.56716477348 5.72049378494 5.87712641157 6.03545155469 
