range:0-360 
center: -5.0733620882 2.24342054725 0.160074843565
a: 0.0128808807018 0.00615284196269 0.231325943971 -0.0102428774602 0.0113498034461 -0.00493974735577 0.0122908390487 -0.00150355421083 -0.00300870099436 -0.00068916060452 -0.000364885593274 -0.000750534091088 0.00144810307768 
b: -0.00161660533757 0.00341846523186 -0.0318898229731 0.00156657837258 -0.00130960183475 0.000803809714103 -0.00158457635661 
c: 0.00988945626252 0.252846209119 0.00616103156347 0.00842988675821 0.0155028285867 0.00923402893708 0.00737042149833 8.8945153285e-05 0.00377575797103 -0.00267112757172 0.00177068625851 0.00168797519751 0.00134625078577 
angles: 6.18093118805 0.0702092409929 0.24168808306 0.412284260268 0.582709793385 0.754468478376 0.928345997992 1.10414929997 1.28176294498 1.46087793781 1.64085768125 1.81987922578 1.99531971731 2.16502878207 2.32871492848 2.4884412445 2.64654296098 2.80405400822 2.95941811078 3.11098159866 3.25729751538 3.39929823721 3.53968464464 3.67956276932 3.81780109604 3.95427604052 4.0890227269 4.22177372378 4.35363064838 4.48659831298 4.62226934645 4.76131462364 4.90428880984 5.05143246899 5.20270509887 5.35808038771 5.51705496591 5.67846398636 5.84259289608 6.0102024937 
