range:0-360 
center: -5.06159507036 2.32725340128 0.162529692287
a: 0.0127742256888 0.00490178844903 0.242614334311 -0.00819715287049 0.0140264487664 -0.00407726419444 0.0135130902406 -0.00352154719926 -0.00352370024548 -2.81276773316e-05 -0.00024852943661 -0.000481871114998 0.00118135898791 
b: -0.00157030997426 0.00384141625789 -0.0334736994444 0.00130595641215 -0.00164987719375 0.000704123211246 -0.00177349987617 
c: 0.0118407818672 0.267507638717 0.00490516503933 0.00965362597784 0.0173397550155 0.0113845120587 0.00572027851853 -0.000847516793 0.00563689123353 -0.00185248209351 0.00164143739429 0.00149831828455 0.00147183594179 
angles: 6.1872907182 0.0776017776038 0.249494274766 0.420331731643 0.591507811212 0.764195166971 0.938904293371 1.11556624749 1.29426167881 1.47469151597 1.65568122087 1.8341893804 2.00718679141 2.17380450619 2.33472723538 2.49216108888 2.64773402015 2.80235625045 2.95552271393 3.10589506598 3.2518701321 3.39354564782 3.53341262916 3.67178934065 3.80798442301 3.94223598766 4.07485111904 4.20630356636 4.33810614222 4.47205600039 4.60938017076 4.75039931076 4.89531579273 5.04453595962 5.19805774614 5.35588930509 5.51693817598 5.67990572096 5.84572277977 6.01500870445 
