range:0-360 
center: -4.99024705887 2.86967608333 0.170230730553
a: -3.10746719293e-05 -0.0024610670193 0.312176267902 0.00405898761596 0.000532610405365 0.00239770634851 0.0125173474294 -0.00356447868364 0.000746910152526 0.00119384250633 -3.18728968304e-06 9.21295097487e-05 -8.81787597446e-05 
b: 9.94059515977e-05 0.020628970981 -0.0338582970498 -0.000280160140061 0.000189997461078 
c: 0.00158104485578 0.337007603592 -0.0024612092259 0.00262891544905 0.0039967578633 0.0123142926866 -0.00252429864396 0.00134935715249 0.00449232551322 -0.000192964968227 0.00107309785296 0.000696593151341 0.001009023783 
angles: 6.28314993314 0.157565525446 0.3149224762 0.47217056105 0.629393507387 0.786643181358 0.943989819871 1.10145987635 1.25905622305 1.41675862326 1.57450584178 1.73215290666 1.88962868775 2.04698757177 2.20420004591 2.36122237289 2.51802072074 2.67451499649 2.83063224012 2.98633713266 3.14162944119 3.29656766522 3.45125693631 3.60581940876 3.76038393369 3.91512937273 4.07022491914 4.22583014725 4.38206055218 4.53888245285 4.69621849775 4.85413608752 5.01261491199 5.17157135967 5.33079317995 5.49005717834 5.64921852633 5.80817055373 5.96683584653 6.12518464321 
