range:0-360 
center: -5.02576049566 2.66388718486 0.157407805114
a: 0.00782704138345 0.000646163158981 0.292200605871 -0.00228132357086 0.0119086938522 0.000388029998106 0.0129994105043 -0.00517916004479 0.00067964357266 -0.000565762118793 0.000303438783326 0.000393834449709 -0.00104170892077 
b: -0.000889253451444 0.00526298972015 -0.0404044544003 0.000507671730071 -0.00142658464351 0.000119960685867 -0.00175087553231 
c: 0.0115369343289 0.317042828266 0.000641750940297 0.0111608541528 0.0133685811826 0.0118456375441 0.00167764580106 -0.00143090288131 0.00591337056466 -0.00145909407558 0.00152098118178 -0.00101885125617 0.00105420942479 
angles: 6.23349806689 0.117891908165 0.28511556738 0.452140750291 0.619824492432 0.788758082218 0.959198581645 1.13105724661 1.30352072352 1.47516751383 1.64462683644 1.81110893603 1.97486722087 2.13545473724 2.2931531168 2.44841861557 2.60151388607 2.75279549689 2.90255732056 3.05090427784 3.19750369154 3.34243012631 3.48573114811 3.62774481852 3.76888575472 3.90962009458 4.05047976284 4.19231759006 4.33619092452 4.48277637267 4.63149800108 4.78183556554 4.93428791132 5.08972746308 5.24852286194 5.41020805799 5.57331351616 5.73702253534 5.90133912041 6.06666400955 
