range:0-360 
center: -5.08694113493 2.15978248119 0.154327035895
a: 0.0120298470971 0.0063382121394 0.222651037658 -0.0104599314421 0.0062433016534 -0.00623202862179 0.00981956849997 -0.000667835498633 -0.00192739472688 2.95252547787e-05 -0.000129261307197 -0.000897038613395 0.00168832850656 
b: -0.00156278528497 0.00318196845174 -0.0306884407221 0.00154752092776 -0.000635215721737 0.000974477251681 -0.00125138776982 
c: 0.00602025301235 0.240377932043 0.00634360795951 0.00579566171585 0.0135934634475 0.00791082918987 0.00645166586302 0.00148275748503 0.00247826458215 -0.00177235282416 0.000261522359034 0.00174496017361 0.000817646022163 
angles: 6.18310185413 0.0667980331141 0.234300745763 0.402027316391 0.570045427399 0.739262845455 0.910528151009 1.08362505204 1.25823736717 1.43423315669 1.61131848147 1.78877197055 1.96453057047 2.13610406121 2.30269377139 2.46566067203 2.6269897122 2.78748923671 2.94599628977 3.10112474747 3.25209276097 3.39936299191 3.54373405065 3.68714789478 3.82992058204 3.97119545853 4.1108412176 4.24874737507 4.38503872453 4.52081967924 4.65748526719 4.79596125603 4.93684029892 5.08064775853 5.22786442311 5.37854597173 5.53286730787 5.69077925649 5.8523717016 6.01696997871 
