range:0-360 
center: -4.98811477423 3.00018169284 0.147025072272
a: 0.00369250879051 -0.00251744180058 0.318469355432 -0.000118830829664 0.00530920751549 0.00230469363051 0.0137438047966 -0.00400259547446 0.0028462540043 0.00118918138084 -0.000887434448465 0.00105689552521 0.000426975734624 
b: -0.000360524412982 0.00616205148548 -0.0440908326729 0.000230000025832 -0.000614909983985 -0.000126085789184 -0.00192917496288 
c: 0.00892245351429 0.344435265331 -0.00251764264072 0.0125321986027 0.00726475463294 0.0122235115956 -0.00273087500523 0.00438129001302 0.0031486365592 -0.000623437852772 0.000776632943653 0.00108530351267 0.000159623593689 
angles: 6.26155355969 0.141219579554 0.304100867705 0.467617628482 0.631979311207 0.797125453581 0.962836053181 1.12888895472 1.29504802086 1.46066774741 1.62451676288 1.78550985308 1.9442542635 2.10129177546 2.25686606408 2.41128148414 2.56487392959 2.71730265511 2.86848981637 3.01833361062 3.16683783488 3.31429680534 3.46119456366 3.60788376986 3.75464664087 3.90178972753 4.04964139007 4.19860554595 4.34915115803 4.50130822503 4.65468975976 4.80957408408 4.96635859443 5.12519442461 5.28585420968 5.44775338283 5.61023320743 5.77296519901 5.93562880007 6.09849145427 
