range:0-360 
center: -5.00561122894 2.8318577826 0.152626132779
a: 0.00629617352851 -0.00251463887989 0.308918486227 -0.00180542393894 0.00890280774878 0.00301791667061 0.0125818973005 -0.00408594252953 0.00151703619342 0.000529422994255 0.000160903853559 0.000343063377158 -0.000335298902228 
b: -0.000697270041658 0.0059792372722 -0.0427693868469 0.000450143601589 -0.00105291817724 -0.000229962356866 -0.0017570665886 
c: 0.0103239103812 0.333608339611 -0.00251737444563 0.0117410362467 0.010783215327 0.0121095403365 -0.00201461473115 0.00132197026154 0.0048987928759 -0.000625469788486 0.00155244922334 0.000132167954562 0.00107992532137 
angles: 6.24497808484 0.126996836506 0.291931885625 0.457218570212 0.623533571611 0.791047454073 0.959629343857 1.12893326456 1.29834172809 1.46711215581 1.634088485 1.79824073046 1.95991542638 2.1191778248 2.27610845217 2.4313364831 2.58505632398 2.73738823831 2.88826879638 3.03769035899 3.18538583351 3.33152072208 3.47647816891 3.62058570737 3.76415433392 3.90760162647 4.05150518055 4.1965067116 4.34329471201 4.49228277247 4.64290480308 4.79514586108 4.94947946703 5.10647456128 5.26610131905 5.42763880775 5.58989324508 5.75267944976 5.91586340213 6.079919471 
