range:0-360 
center: -5.00378799438 2.73591410518 0.177992304078
a: 0.000393745250188 -0.000467022532577 0.301584661848 0.00425143546046 0.00198001629678 0.00111573665522 0.0120337256419 -0.00408313973571 5.31920514357e-05 0.000211962066536 0.000388724247069 0.000131266295466 -0.000993857541458 
b: 4.28296533219e-05 0.0197247036269 -0.0325943321022 -0.000407638968768 9.6633215322e-05 
c: 0.00140866434367 0.32559348678 -0.000467396958083 0.000836813229834 0.00503865960412 0.0119753947978 0.000181465742667 -0.0011963536799 0.00520756740479 -0.000442886909042 0.00151582194783 -0.000248566479566 0.00124744916673 
angles: 6.2805168668 0.154936269077 0.312270586544 0.469476611193 0.626692572706 0.784031621175 0.941570943479 1.09934432318 1.25735014081 1.41550127497 1.57372053881 1.73187814301 1.88990146149 2.04779091938 2.2054575874 2.36283919863 2.51991270247 2.67661535517 2.83291983537 2.98881203746 3.14427766719 3.29934545394 3.45410024973 3.60865360273 3.76314370192 3.91771557563 4.07253451286 4.22780806191 4.38367122703 4.54010566681 4.69701007007 4.85442311041 5.01238773166 5.17084552164 5.3296326263 5.48849704352 5.64729305408 5.80593266076 5.96436199981 6.12258026581 
