range:0-360 
center: -5.11225322485 1.99214775264 0.136695634969
a: 0.00992740231164 0.00273657751193 0.225646558976 -0.00889117948065 -0.00693702615207 -0.00647969145529 0.0156011849224 -0.00125861861696 -0.00111287303711 0.00449167683484 0.000721545480523 -0.000491370603452 0.00190735599036 
b: -0.00146915622699 0.00398907103632 -0.0311655124149 0.0011605950076 0.001150669973 0.00119014754189 -0.00216364446156 
c: -0.00555828401952 0.258896008139 0.00273877257942 -0.00417330994211 0.0109590590232 0.0176528723185 -0.00101263098495 0.00388177803342 0.000791816747791 0.00130749220815 -0.00300073932471 0.00304014740588 -0.000888343988336 
angles: 6.19809108688 0.0665603508688 0.217677274508 0.369382979685 0.524220964921 0.683544147178 0.847605609823 1.01406018008 1.18183193628 1.35145330245 1.52335021146 1.697546305 1.87360264408 2.04978220483 2.22343522474 2.39361216019 2.56170969751 2.7292167558 2.89624423714 3.06155971443 3.22484402982 3.38684820397 3.54808941914 3.70871195152 3.8671962304 4.02262990268 4.17573517199 4.32717277222 4.47645637372 4.62260922356 4.76502745747 4.90426973654 5.04156316576 5.17848738496 5.31641763631 5.4563446908 5.59918215778 5.74566516545 5.89536630618 6.04639577107 
