range:0-360
center: -4.60863597592 5.18713420232 0.0656930474875
a: 3.89659032678e-17 0.000210234764787 0.669219632948 0.000866922285978 -0.0602969780469 -0.000575746103618 -0.0389173902691 -0.000584698787579 0.01860181193 0.000793300819416 -0.0185359990699 0.00020598046259 -0.00424084252779 -0.000815455481355 0.00674886756172 0.000163595746658 -0.000775130314769 0.000653382288399 -0.00645520951188 -0.000427127203519 0.00125269582379 -0.00037212380539 0.00330110440683 
b: 1.13733674524e-19 0.00307310594439 -4.6658880432e-07 
c: 3.54968587175e-18 0.556431063222 0.000890919892146 -0.0276049486638 -0.000438931094979 -0.0755875240453 -0.000626767358524 0.0126093879981 0.000702758507984 -0.0154912068172 0.000220126629792 -0.00204444848493 -0.000703740736957 -0.00605549236721 0.000149706985622 0.00480036509022 0.000482011435223 -0.00530954443776 -0.000337651725204 0.0018829238799 -0.000174334153656 -0.00152773865526 0.000301382380174 0.00160296566915 -5.96610604541e-05 -0.00439440218087 -0.000112523382423 
angles: 0.0 0.0523598775598 0.10471975512 0.157079632679 0.209439510239 0.261799387799 0.314159265359 0.366519142919 0.418879020479 0.471238898038 0.523598775598 0.575958653158 0.628318530718 0.680678408278 0.733038285838 0.785398163397 0.837758040957 0.890117918517 0.942477796077 0.994837673637 1.0471975512 1.09955742876 1.15191730632 1.20427718388 1.25663706144 1.308996939 1.36135681656 1.41371669412 1.46607657168 1.51843644924 1.57079632679 1.62315620435 1.67551608191 1.72787595947 1.78023583703 1.83259571459 1.88495559215 1.93731546971 1.98967534727 2.04203522483 2.09439510239 2.14675497995 2.19911485751 2.25147473507 2.30383461263 2.35619449019 2.40855436775 2.46091424531 2.51327412287 2.56563400043 2.61799387799 2.67035375555 2.72271363311 2.77507351067 2.82743338823 2.87979326579 2.93215314335 2.98451302091 3.03687289847 3.08923277603 3.14159265359 3.19395253115 3.24631240871 3.29867228627 3.35103216383 3.40339204139 3.45575191895 3.50811179651 3.56047167407 3.61283155163 3.66519142919 3.71755130675 3.76991118431 3.82227106187 3.87463093943 3.92699081699 3.97935069455 4.03171057211 4.08407044967 4.13643032723 4.18879020479 4.24115008235 4.29350995991 4.34586983747 4.39822971503 4.45058959259 4.50294947015 4.55530934771 4.60766922527 4.66002910282 4.71238898038 4.76474885794 4.8171087355 4.86946861306 4.92182849062 4.97418836818 5.02654824574 5.0789081233 5.13126800086 5.18362787842 5.23598775598 5.28834763354 5.3407075111 5.39306738866 5.44542726622 5.49778714378 5.55014702134 5.6025068989 5.65486677646 5.70722665402 5.75958653158 5.81194640914 5.8643062867 5.91666616426 5.96902604182 6.02138591938 6.07374579694 6.1261056745 6.17846555206 6.23082542962 
