range:0-360 
center: -0.0122645794912 -0.0348368580515
a: -0.00675053235445 0.00567183691825 0.183585043994 0.00299620757017 -0.0186021911618 -0.00492209845456 0.00805367118675 0.00397707104326 -0.00073289106791 -0.000928460073931 -0.000756956330198 -0.000208499402559 0.000254836808054 
b: -0.0191474850542 0.00567107010869 0.197729085499 -0.0105047072961 -0.0196931777586 0.00642418638812 0.00608979530189 -0.00353209976847 -0.000354028431884 0.000571871524275 -0.00122497294638 0.000223110680454 5.95378269398e-05 
