range:0-360 
center: -0.0135732633264 -0.0222914981275
a: -0.0065077912802 0.00214972812902 0.201352208454 0.00450093556273 -0.0111030277648 -0.00239751289169 0.00911465484789 0.00185064860488 -0.000164071740735 -0.000130922381438 -0.00120086189055 -0.000288547190899 -0.000612078551826 
b: -0.0119980450991 0.0021499443754 0.216086571369 -0.00851150784764 -0.012893624411 0.00190639712148 0.00561901824999 -0.00215628570305 -0.0016175179127 -0.000609436077729 -0.00230456416338 -0.000602488189739 -0.000941353905384 
angles: 0.071483417219 0.209662477337 0.345934702607 0.481538201657 0.617347750179 0.753344930319 0.889044393985 1.02484727464 1.16237203844 1.30311646678 1.44754758445 1.59586342425 1.74824130718 1.90495927037 2.06619596539 2.23133507166 2.39998043465 2.57041044899 2.74147664582 2.91323485929 3.08596128958 3.25903361903 3.43197057005 3.60502258897 3.77844252654 3.95247334898 4.12722586099 4.30294601526 4.47914159854 4.65425203501 4.82547677297 4.99226863754 5.15552283141 5.31459678692 5.46944975831 5.62112936573 5.77147965836 5.92082156607 6.06869180182 6.21353692424 
