range:0-360 
center: -0.014449389585 -0.0313774040095
a: -0.00759625846732 0.00556108148783 0.184850198483 0.00645089245031 -0.0167857384832 -0.00550591728852 0.00564241025408 0.00168942031524 -4.33867570096e-05 -1.20013052731e-05 0.000234319457924 -0.000495807141746 4.65457919001e-05 
b: -0.0169810380753 0.00556159871155 0.197081376887 -0.00874200310422 -0.0171767524997 0.00561660117011 0.00658884995745 -0.000598660280452 -0.000349635250499 8.86800690966e-05 0.000722516383461 0.000594270387754 -0.000313716570106 
angles: 0.0849582278255 0.211983282802 0.337977544647 0.463100062345 0.587739999651 0.712692080286 0.839143702035 0.968292095013 1.10100130688 1.238296784 1.38015151655 1.52718361544 1.68007552241 1.83911007754 2.0045939675 2.17649484152 2.35337714975 2.53434552737 2.71749456095 2.89957232884 3.08045969005 3.26024204948 3.43927967099 3.61843944695 3.79788938793 3.97767504805 4.15836750686 4.34083763467 4.52386319359 4.70598077552 4.88466030579 5.0583168071 5.22681951703 5.38871595776 5.54370783929 5.69273098911 5.83619555406 5.97475549918 6.10901726405 6.23971135399 
