range:0-360 
a: -2.50874273253 2.03253039378 56.9279140688 1.46475968173 -1.38426402615 -2.34800446236 1.39569931724 1.26379672159 1.04351346754 
b: -0.246173883986 2.03273610502 59.3939138284 -3.55580915738 0.891145974988 1.72350783788 1.07234722347 -0.819094627416 1.20176036318 