range:0-360 
center: -0.00676043406624 -0.0456100565055
a: -0.00686299667058 0.0158001736839 0.18717798929 0.00489208399343 -0.0246897290483 -0.0146738536362 0.00713469235049 0.0023165619186 -0.000321148009605 
b: -0.0248279084633 0.0158028431941 0.201767988988 -0.00881672320613 -0.0250266669293 0.0170493278506 0.0075029440071 -0.00127153449938 0.000156730502113 