range:0-360 
center: -3.63506029248 4.99679454565 -0.0577618705051
a: -0.00372617286424 0.00254183179785 0.180803304271 0.000722175247121 -0.00709522236489 -0.00293814184175 0.0104929465256 0.0029969429622 0.00108446569052 0.000169546720326 0.000235445459703 -0.000192382129968 -5.39137953707e-05 
b: -0.00224024269679 0.0146688776296 0.0892958420278 0.000107030789963 -0.00390827065132 -0.00069622725212 0.00529627475983 
c: -0.00602513872727 0.201763142415 0.0025412945304 -0.00495477723553 -0.00672973627248 0.0104669830051 0.0021469433911 0.00105852434566 -0.0030103177216 -0.000282750528838 -0.000653942704184 1.06741201126e-05 -0.000231539842149 
angles: 0.0357541289729 0.170133702739 0.306013872463 0.444496807237 0.586744834895 0.733474273864 0.884852982958 1.04104263033 1.20210777031 1.3672554577 1.5346379445 1.70241354036 1.86892504394 2.03346625836 2.19528362975 2.35407382044 2.50939483679 2.66162960832 2.81145020971 2.96005817271 3.10893440608 3.25929243464 3.41233494572 3.56947697731 3.73185574016 3.90026782516 4.07517673899 4.2562056473 4.44163855489 4.62867314288 4.81374413861 4.99331386414 5.16513008078 5.32848082502 5.48383738329 5.63257820088 5.77579462224 5.91479956991 6.05081739796 6.18511127337 
