range:0-360 
center: -3.58876834512 4.90538190603 -0.0551076756092
a: -0.0033556042047 0.00435273313134 0.174939652941 -0.000664526386942 -0.0100051171934 -0.00435607228669 0.010096058893 0.00431232641238 0.00170903113316 -0.00015236635537 0.00012802333835 -0.000419430272778 0.000389319374676 
b: -0.00218348299762 0.0151148216911 0.0865317992588 -0.000582132379057 -0.00536209471892 -0.00138097130522 0.00524535978969 
c: -0.00785874088157 0.195111033451 0.00435216132199 -0.00571196185065 -0.00737548834596 0.0100752941442 0.00435094337307 0.00258572068253 -0.00372730907265 -0.000160091687258 -0.000179783715471 0.000477774983729 0.000142959512439 
angles: 0.0314981410565 0.162810738785 0.295802001473 0.431390705224 0.570625563304 0.714416113152 0.863378945178 1.01796311455 1.17844462843 1.34411960247 1.51306101593 1.68254570187 1.85087170766 2.01739286455 2.18170327696 2.34332382076 2.50170145692 2.65692273752 2.8097526201 2.96136890194 3.11302777276 3.26585477773 3.42114376606 3.58018708295 3.74424882251 3.91438460958 4.09133980975 4.275062606 4.46382541159 4.65358025374 4.83967988902 5.01841542041 5.18805272026 5.34836802928 5.5003930089 5.64556527334 5.78506204042 5.92044626136 6.05308263959 6.1840826864 
