range:0-360 
center: -3.54236460924 4.81400268078 -0.0527881708171
a: -0.00298414654794 0.0053111429798 0.17083237299 -0.00108290216847 -0.0121523086821 -0.00491922973841 0.00969122892559 0.00436137986634 0.00170719826762 -0.000535459324915 -8.88412319019e-05 -0.000340883632437 0.00066133260068 
b: -0.00212716055387 0.0152403960218 0.0845743040091 -0.000882190327707 -0.00639704565141 -0.0016910180422 0.00513942110756 
c: -0.00973515881903 0.189910592152 0.00531092857054 -0.00731794788295 -0.00705103046243 0.00938651861307 0.00570471515371 0.00312873683764 -0.00377196912819 -0.000219417437545 0.000230031592766 0.000755462973203 0.000229455083123 
angles: 0.0264992873317 0.154265264325 0.283785287397 0.415935018285 0.551764636086 0.692515763935 0.839058309868 0.991991897994 1.15170082606 1.31759750114 1.48785977871 1.65971268336 1.83082618186 2.00047923762 2.16805330446 2.33299141697 2.49481603341 2.65317766497 2.80918988163 2.96385070511 3.11825979053 3.27355414772 3.43095087192 3.59190657709 3.75784452829 3.93001920999 4.10983942057 4.29706332604 4.48918288726 4.68122257533 4.86780473313 5.04538934735 5.21269698196 5.37005024513 5.51864108097 5.66004639582 5.79554651735 5.9267999418 6.05546885527 6.18271947842 
