range:0-360 
a: -2.59596339114 2.15221892518 55.7427905233 1.49845319244 -1.62043179353 -2.45798753219 1.22990315395 1.31599119195 1.07779003812 
b: -0.394377946705 2.15258375632 57.8408741163 -3.69674606857 0.830126065949 1.85395672422 0.870746809419 -0.873663686503 1.34004920798 