range:0-360 
center: -3.70094895959 5.13568589687 -0.0613860156562
a: -0.00261844000115 0.000590030161792 0.186739484865 0.00168968219952 -0.00223736824973 -0.00181879476231 0.0128586818491 0.000250341435322 0.000586476694058 0.00111126192563 0.000279366062402 2.64987770006e-05 -0.00119204363844 
b: -0.00149480668696 0.0143728551323 0.0920857781146 0.000569718312099 -0.00133010720003 -6.34905951757e-05 0.00630804973691 
c: -0.00306417576328 0.211709467033 0.000590931282083 -0.00389118240827 -0.00354437396722 0.0121110220918 -0.000635589485418 -0.00223645850244 -0.00160565471363 -0.00109318776828 -0.0013750655082 -0.00166189448449 -0.00139158008786 
angles: 0.0252649436883 0.163369782294 0.303303346405 0.44651680365 0.594130616228 0.7465782509 0.903796118123 1.06535341296 1.23064243458 1.39865241044 1.56785272231 1.73666327781 1.90362088756 2.0676055433 2.22780952903 2.38379455652 2.53565150169 2.68410677543 2.82988136319 2.97423685507 3.11880775286 3.26492936479 3.41384016316 3.56683795762 3.72512000062 3.88954208531 4.06007802679 4.23587602057 4.41576990107 4.59798510999 4.77956444202 4.95709250197 5.12865973908 5.29358565532 5.45174092955 5.60329316282 5.74929307626 5.89164990566 6.03188162357 6.17062730918 
