range:0-360 
center: -3.67988334298 5.08890886307 -0.0607438363193
a: -0.00341788728982 0.000693240834668 0.185345272277 0.00192334029969 -0.00413527847396 -0.0015487137109 0.0120076721147 0.000986890998113 0.000592597133665 0.000482342762127 0.000167425255125 -0.000139829968672 -0.000723056984544 
b: -0.00197353370524 0.0142251533373 0.0914069186299 0.000666759295704 -0.00235172309626 1.60052946549e-05 0.00590573284718 
c: -0.00433433600232 0.208739062891 0.000693584770776 -0.00453337503954 -0.0049100935053 0.0113858361738 -0.000159410481193 -0.000985630732112 -0.00199878393549 -0.000829692060971 -0.00127950637237 -0.000883528533428 -0.00122451694691 
angles: 0.0330198195102 0.169696000993 0.307871778494 0.448897773669 0.594033530503 0.743904661616 0.898292696616 1.05691806166 1.21962527524 1.38554417743 1.55320865221 1.72097556465 1.8874156806 2.05143009131 2.21212204863 2.36916177683 2.52253138878 2.672328154 2.81949644259 2.96547947231 3.1117792376 3.25963589808 3.4103121341 3.56519047644 3.72546018254 3.89193325726 4.06467182496 4.24299570723 4.42557203687 4.61013284846 4.79349476893 4.97218528207 5.14422983773 5.30914278603 5.46681437621 5.61751481691 5.76255181126 5.90376946567 6.04247644095 6.17972379115 
