range:0-360 
center: -0.0151055664141 -0.0289919085087
a: -0.00744669744807 0.0038266266818 0.194911301402 0.00340058971047 -0.0159496000164 -0.00354434490497 0.00813319977033 0.00434711697483 0.000161050626598 
b: -0.0155719190357 0.00383690931969 0.208420469733 -0.011506398435 -0.0151737865065 0.00415677103181 0.00535196072945 -0.00360066613714 0.000447523592611 