range:0-360 
center: -0.0150936675181 -0.0357920143101
a: -0.00761334004955 0.00531589921368 0.187249567107 0.00213500366951 -0.0207013296887 -0.00443207248901 0.00853185770963 0.00614304237991 0.00064848980069 -0.00140556410858 -0.00116044934846 -0.000673818723612 0.000674381443837 
b: -0.0193338533591 0.00531353921064 0.201553088737 -0.0130922673818 -0.0179646424651 0.00620937662376 0.00576740422635 -0.00480862313459 0.00209394098444 0.000356018620706 -0.00163281476034 0.000574174653796 0.000681607784965 
angles: 0.0891365168864 0.21294070992 0.334230991077 0.453971824629 0.573390284382 0.693681077145 0.816128374383 0.941804729214 1.0723816892 1.20982233787 1.35535784967 1.50826015262 1.66604115945 1.82714931199 1.99285272532 2.16480864422 2.34288757609 2.52488912771 2.70860257166 2.89302476676 3.07759038361 3.26116327489 3.4430342166 3.62337778573 3.80324522207 3.98447651329 4.17004196295 4.36077022504 4.55262416666 4.73968263161 4.91876366557 5.08905304904 5.25162063969 5.40796406825 5.55831338114 5.70383598298 5.84528988751 5.98248342306 6.1158074393 6.2456447136 
