range:0-360 
center: 320.543480322 339.236491854
a: -2.09447559665 0.753023779375 60.3844885156 1.62624687537 -0.178576907069 -1.02157288079 2.11161529799 0.384912239612 0.422772190923 
b: 0.0719170019198 0.753995455018 64.0309118501 -2.56323260723 0.323348273596 0.487097559869 1.53724451034 -0.530213116486 0.0630412100118 