range:0-360 
center: -0.0152217718765 -0.0489709181231
a: -0.00748779324093 0.00494630932587 0.176021463266 0.000977984063738 -0.0271970413362 -0.00319077362614 0.00890333816004 0.00683767184851 -0.000212274029005 -0.00228287583376 -0.000869149512816 
b: -0.0262647493425 0.00494902214752 0.191199707378 -0.0140285957856 -0.0253339051562 0.00671205288147 0.00625679913799 -0.00624308612824 0.00221018369825 0.00116491071903 -0.00150204146087 