range:0-360 
center: -3.42392605543 4.58717253208 -0.0406614986947
a: -0.000282436232639 0.00589938302269 0.163981450606 -0.00584929714584 -0.0105962802811 -0.00671491935467 0.0101293194948 0.00531162374261 -0.000929250048478 0.00056218585655 -0.000457681183987 0.000741898909055 0.000680066061656 
b: -0.000880521800386 0.0151079737769 0.0812631586584 -0.00344915062066 -0.00565421350057 -0.00251051655996 0.00525629105469 
c: -0.0109960200696 0.183529403568 0.00589984990777 -0.0113968924085 -0.00641560049649 0.0094127905933 0.00508360577711 0.000131036951489 -0.0069449258829 -0.000230106050637 -0.00110210215019 0.000375233772435 -0.000944527342757 
angles: 6.28028902805 0.120651474648 0.245987195485 0.375195954294 0.510327753179 0.65283551621 0.803884322342 0.96291611968 1.12859710901 1.29875575593 1.47125373101 1.64544044827 1.82111515614 1.9967702092 2.17053870829 2.34122890648 2.5080510367 2.67126370422 2.83112376426 2.98820178732 3.14389702891 3.29975662802 3.45768056974 3.61957446141 3.78705645702 3.96199385858 4.14540065073 4.33664837543 4.53149106563 4.72199799335 4.90279071309 5.07183160259 5.22936073818 5.37702796634 5.51700768723 5.65112259005 5.78098243691 5.90805386787 6.03321219763 6.15706237627 
