range:0-360 
a: -2.03128379174 3.60109378412 54.1308841796 1.22173455942 0.152806947474 -4.10260120066 1.82793488005 0.585902166823 0.426450085136 0.403551085832 -0.585881761072 
b: 0.427510948467 3.60257770157 56.6722067585 -2.83822574321 0.702660526734 3.09821456808 0.710707082097 -1.03024961003 0.126687318963 -0.583023219069 -0.545075679547 