range:0-360 
center: -0.0120167993802 -0.0369160474707
a: -0.00674209092543 0.00613183750179 0.187570944285 0.00226498483715 -0.0196902339755 -0.00536363408347 0.00863650443085 0.00468676576422 -0.000764872773203 -0.00100148956412 -0.00107863655736 -0.000215829524328 0.000283425471631 
b: -0.0202443654206 0.00613059438551 0.202053232542 -0.0112187647801 -0.0207993720238 0.00690510915232 0.00584468667038 -0.00426798104235 -0.000338971782183 0.000536568505983 -0.00174000307324 0.000182504540875 4.99103397118e-05 
