range:0-360 
center: -0.00909525545838 0.00373344321559
a: -0.00392403311739 -0.0028512961599 0.0878744460241 0.0040061064836 0.00315341831586 0.00276634780514 0.00667916690739 0.000116128313913 -0.000413369899461 
b: 0.00242863149492 -0.00285645731405 0.102810129974 -0.00381494094573 0.00170600156329 -0.00294251787302 0.00824480891205 0.000234403447019 -0.00107784470086 