range:0-360 
center: -3.44858940244 4.63201196194 -0.0437720706927
a: -0.00113576163272 0.00449352936467 0.164387718212 -0.00522770003102 -0.0119250921483 -0.00490186970192 0.0100074783726 0.00590037309698 -6.649843575e-05 0.000266608175295 -0.000161525588086 0.000403606366308 0.000839031139222 
b: -0.00131698466992 0.0144556198434 0.0813627041552 -0.0030649314208 -0.00635648823982 -0.00157991805143 0.00514493977397 
c: -0.0111864763722 0.184215927088 0.00449401327316 -0.0104484540993 -0.00749970308684 0.00981717374857 0.00408528162221 0.00154343483338 -0.00682297092805 -1.21987041474e-05 -0.000567133876453 0.00077536753328 -0.000549646076296 
angles: 0.00895703321313 0.133023986071 0.258360610088 0.386491124592 0.519366043875 0.659030432013 0.806788078974 0.963083049571 1.12722695602 1.2967131173 1.46963714293 1.6436904025 1.81807426086 1.99205725727 2.16412694442 2.33343168444 2.4990531853 2.66136230232 2.82077366367 2.97806028517 3.13425073189 3.29070940971 3.44912617858 3.61132641288 3.77911949356 3.95427625706 4.13809284916 4.33025854788 4.52622855744 4.718542072 4.90140041451 5.07249893443 5.23200200068 5.38158574176 5.52332906177 5.65916196757 5.79032265059 5.91812991862 6.04389433647 6.1682948973 
