range:0-360 
center: -0.00874520600169 -0.00787710358935
a: -0.00407397305328 0.0021295993116 0.115963594662 0.00377342808402 -0.00276544285086 -0.000996618054834 0.00566431087207 0.000303547341578 -0.0017201862226 -0.00104728978861 0.000662340940071 -1.45787985721e-05 0.000112025300355 
b: -0.00448175737146 0.00212961605013 0.128394346619 -0.00437454831808 -0.00619846245836 0.00326308970937 0.00676594819267 -0.000299197774158 -0.00171391256584 0.00121946381918 0.000441571888216 5.71422254116e-06 -0.000107311834138 
angles: 0.0710479836035 0.216878226472 0.361624145457 0.505730245054 0.648969308196 0.790764438264 0.931384350306 1.07146707433 1.2115976994 1.35246577692 1.49474610126 1.63918908125 1.7864741784 1.9371977219 2.09184189414 2.25046599137 2.41289790749 2.57831645062 2.74544389904 2.91359971941 3.08175094063 3.24941462259 3.41683380909 3.58444368116 3.75279417507 3.92245814785 4.09366720756 4.26593395816 4.43826469643 4.60946953374 4.7787880826 4.94620277468 5.11194095445 5.27577161772 5.43748441959 5.5967082473 5.75307159979 5.90670475019 6.05782752612 6.20692531233 
