range:0-360 
center: -0.0127677087107 -0.03567404618
a: -0.00678038466259 0.00472796789242 0.18760329709 0.00195818505574 -0.0189961443062 -0.00405931398358 0.00887996257952 0.00491915756072 -0.000724503585735 -0.000951327074368 -0.00117219748046 -0.000125728707307 0.000252466547489 
b: -0.0195047481581 0.00472644499137 0.202228037863 -0.0116014490953 -0.0200149295541 0.00540466777164 0.00574321560621 -0.00472244675654 -0.000288547385632 0.000392777646802 -0.00199519929926 4.62642131239e-05 7.56675570506e-05 
