range:0-360 
center: -3.61195437312 4.95107241869 -0.056380201003
a: -0.00355334709302 0.00356256447502 0.177787474227 -0.000123596266317 -0.00865181294333 -0.00376995354462 0.0101793663981 0.00391008273929 0.00147990124368 5.605213403e-05 0.00025126810076 -0.000392231275132 0.00019025025031 0.000163850943932 -0.00033643195243 0.000128849803697 -1.32935876919e-06 
b: -0.00223717529503 0.0148195792182 0.0881719836399 -0.000221785695717 -0.00449264417928 
c: -0.00692588519035 0.198220130334 0.00356251958461 -0.00519982200685 -0.00723027573205 0.0102534621095 0.00335536471172 0.00197213702235 -0.00344390995246 -0.000177970565001 -0.00035917451727 0.000300638346797 7.49864964002e-05 -7.85572780903e-05 -0.000133799055312 0.000129267846529 -0.000195017749446 
angles: 0.0338013836907 0.166744442086 0.301274693731 0.438399686315 0.579204646541 0.724475735959 0.874631802426 1.03004363773 1.19088648081 1.35639294359 1.52456968348 1.69300573214 1.86024932016 2.02556818216 2.18844256245 2.34857092375 2.50539717204 2.65904353968 2.81033976134 2.96043944936 3.11066602035 3.26228173833 3.4164831125 3.57458717184 3.73779378395 3.90702769864 4.0828757586 4.26511694492 4.4520703948 4.64050282995 4.82622164845 5.00547648202 5.17622978849 5.33804607568 5.49181007282 5.63887727189 5.78035485034 5.91771230611 6.05209872481 6.18476033282 
