range:0-360 
center: -0.00725811333906 -0.00104094356673
a: -0.0031981339221 0.000652821037916 0.0988791801596 0.00333232304902 0.000750483890582 -0.000244654861196 0.00553610969357 -0.000356106692567 -0.00120878773178 -0.000386475678461 0.000682451713816 0.000163199275582 -4.84368913277e-05 
b: -0.00063578358911 0.000652751717382 0.111472523414 -0.00306363096424 -0.00202195833506 0.00106045244049 0.00705745556965 -8.60278055462e-05 -0.00156442841926 0.000427081529827 0.000839288455103 -0.000282730022985 -0.000304144562765 
angles: 0.0633231364869 0.21891789211 0.373220291972 0.526375036245 0.678456979237 0.829018982761 0.977765689893 1.12485650962 1.27045189556 1.41493038235 1.5588266788 1.70288537008 1.84789917236 1.99453943511 2.14334069869 2.29468379243 2.4485920509 2.60479479871 2.76280770604 2.9223169887 3.0826080699 3.2426405534 3.40244175612 3.56253951493 3.72375300748 3.88663604298 4.05137591817 4.21787005849 4.38571275217 4.55423633138 4.7226743696 4.89059979192 5.0577329709 5.22393969629 5.38881697338 5.5520122086 5.71353437701 5.87356178392 6.0322848497 6.18996453373 
