range:0-360 
center: -0.00725811333906 -0.00104094356673
a: -0.00319871852816 0.000654008350912 0.0988806747948 0.00332770412896 0.000747576725101 -0.000241515251455 0.00553568747329 -0.00033686214286 -0.00119249817984 
b: -0.000635772342574 0.00065197533242 0.111473805242 -0.00305784841962 -0.00202571026275 0.00105568410359 0.00705751393587 -0.000109343757945 -0.00154508143681 