range:0-360 
center: -0.0137530216183 -0.0322314011777
a: -0.00690686641788 0.00392280732856 0.190295933874 0.00268418613663 -0.0177374365533 -0.00328937090357 0.00904783452499 0.00436725396369 -7.6762012495e-05 -0.000918969614684 -0.00113311312974 -0.000171019482456 0.000198118789702 
b: -0.017604367541 0.00392139548559 0.205339039499 -0.0111286604435 -0.0174715755243 0.00456279144701 0.00599633796213 -0.00407498984082 0.000349440651846 0.000356222222718 -0.00194265362401 0.00010043741248 0.000134849618309 
