range:0-360 
a: -1.77496353139 4.64039583764 54.7542140198 1.92396955329 0.69308022308 -4.64680612773 1.85783302947 -0.252032247881 0.368901908841 
b: 0.904588243623 4.64172217554 57.5748212779 -1.62279613419 1.10508076125 4.63062616604 0.960934404001 0.0801679446482 0.0620363044186 