range:0-360 
center: -0.0122870871807 -0.0363006426417
a: -0.00684273341838 0.00604336606481 0.187241763948 0.00273250112872 -0.0193619163389 -0.00534387410726 0.00831029656413 0.00434178845711 -0.000697289536597 -0.000901955098506 -0.000921197316122 -0.000231346871433 0.000254849154711 
b: -0.0198838715743 0.00604241251013 0.201502795947 -0.0109526458057 -0.0204064543563 0.00674657528165 0.00594992455239 -0.00387911770658 -0.000342634939844 0.000497895389842 -0.00146084987766 0.000214617046319 2.31606641422e-05 
