range:0-360 
center: -0.00909525545838 0.00373344321559
a: -0.00392345803276 -0.00285395477186 0.0878739269532 0.00401481112804 0.00315058032109 0.00276697261478 0.00668292641538 9.35998802544e-05 -0.00039294543389 0.000181177118528 0.00053581388118 -0.000155979704095 -0.000226025180144 
b: 0.00242746291772 -0.00285458114408 0.102808691103 -0.00383086719224 0.00170449602579 -0.00294310225761 0.00825314119121 0.000285720381364 -0.00105545473067 3.98222156371e-06 0.00103023561568 0.000195012372251 -0.000438518270552 
angles: 0.0802322881985 0.24516923569 0.409776112396 0.573903524631 0.736050557181 0.894571056417 1.04841838627 1.19747710516 1.3420453582 1.48298866941 1.62126447878 1.7579869803 1.8945203452 2.03203443276 2.17133322922 2.31304050475 2.45752602548 2.60470154792 2.754407295 2.90609767567 3.05891600924 3.21107080944 3.36246958559 3.5147446214 3.66912799847 3.82697247032 3.9889381498 4.15483610138 4.32414036543 4.49640782814 4.67030151596 4.84478072315 5.01885396853 5.19152541098 5.36247670741 5.53201411668 5.70008718535 5.86704762064 6.03318672276 6.19860173309 
