range:0-360 
center: -3.70094895959 5.13568589687 -0.0613860156562
a: -0.00261809132067 0.000590151180517 0.18673939609 0.00168970774946 -0.00223699848032 -0.00181857337058 0.0128594037883 0.000250557223067 0.000586471032343 0.00111067786478 0.000283260061326 -1.53518457346e-05 -0.00119322391632 -2.98752275033e-06 -0.000101002127865 0.000780775501611 -0.000142365990273 
b: -0.00150921603752 0.0142873737654 0.0924237196456 0.000667206397109 -0.00123569014592 
c: -0.00306392464855 0.211710047958 0.000590989965035 -0.0038903227905 -0.00354546063704 0.0121112846695 -0.00063688348492 -0.00223967477491 -0.00160378430779 -0.00103056496994 -0.00134399862659 -0.00162946815769 -0.00137079176129 -0.00127153961341 -0.00026699838767 -0.00032739677509 -0.000584429033079 
angles: 0.0252649436883 0.163369782294 0.303303346405 0.44651680365 0.594130616228 0.7465782509 0.903796118123 1.06535341296 1.23064243458 1.39865241044 1.56785272231 1.73666327781 1.90362088756 2.0676055433 2.22780952903 2.38379455652 2.53565150169 2.68410677543 2.82988136319 2.97423685507 3.11880775286 3.26492936479 3.41384016316 3.56683795762 3.72512000062 3.88954208531 4.06007802679 4.23587602057 4.41576990107 4.59798510999 4.77956444202 4.95709250197 5.12865973908 5.29358565532 5.45174092955 5.60329316282 5.74929307626 5.89164990566 6.03188162357 6.17062730918 
