range:0-360 
center: -3.54236460924 4.81400268078 -0.0527881708171
a: -0.00298419092451 0.00531102645746 0.170831943232 -0.00108268077136 -0.012152110139 -0.0049176597221 0.0096913739454 0.00436120181128 0.0017054705063 -0.000552296307748 -8.20371164626e-05 -0.00035165374394 0.000669065002476 0.000244493952002 -0.000163991964489 3.49199169279e-05 6.96558415862e-05 
b: -0.00215292145976 0.0150936315571 0.0848874788737 -0.000871482361966 -0.00611071438485 
c: -0.00973512359951 0.189910524467 0.00531091608206 -0.00731801884701 -0.00705102441327 0.0093869299289 0.00570455683686 0.00312881641615 -0.00377268479083 -0.000222704192293 0.000233184192606 0.000752456249461 0.000237727441763 3.34550292441e-05 -6.09257950486e-05 2.44234599918e-05 -7.65269580339e-05 
angles: 0.0264992873317 0.154265264325 0.283785287397 0.415935018285 0.551764636086 0.692515763935 0.839058309868 0.991991897994 1.15170082606 1.31759750114 1.48785977871 1.65971268336 1.83082618186 2.00047923762 2.16805330446 2.33299141697 2.49481603341 2.65317766497 2.80918988163 2.96385070511 3.11825979053 3.27355414772 3.43095087192 3.59190657709 3.75784452829 3.93001920999 4.10983942057 4.29706332604 4.48918288726 4.68122257533 4.86780473313 5.04538934735 5.21269698196 5.37005024513 5.51864108097 5.66004639582 5.79554651735 5.9267999418 6.05546885527 6.18271947842 
