range:0-360 
center: 319.637712988 338.852704818
a: -2.58607368989 1.90507575473 54.6617825586 0.977483208814 -1.30535065424 -2.43749333331 1.42281490805 1.6854795267 0.909061216403 0.539383853104 -0.336394788637 
b: -0.246636149664 1.90491904881 56.993441677 -4.19426770317 0.809849231576 1.37472349044 0.908415946483 -1.531678236 1.20381529923 -0.536753323115 -0.171714947982 