range:0-360 
center: -0.00685583126535 -0.0563299161936
a: -0.00591955858445 0.0112865467384 0.172868123038 -0.00132206431847 -0.0266963705305 -0.0104387008707 0.00904012013899 0.0074702791518 -0.00333046918982 -0.000925095138658 -0.00191736533707 -0.000191753958368 0.000868442978802 
b: -0.0294868623474 0.0112856797348 0.187224686315 -0.013163479788 -0.0322789293338 0.0121405260884 0.00530602230315 -0.00700192441013 -0.00225528329704 0.000750230878183 -0.00182542286301 0.000269359962068 0.00014576419001 
angles: 0.0540946488674 0.14108597233 0.22980341893 0.322826372173 0.422095870765 0.529731228487 0.64816162072 0.77743769645 0.915345018975 1.0629108249 1.21838300338 1.37799100185 1.54098389254 1.71169435354 1.89421802923 2.08967202916 2.29422819548 2.50311863618 2.71204382719 2.91660108243 3.11438237861 3.30621494405 3.4945965774 3.6822362839 3.87206909095 4.06935526254 4.28181991795 4.50862511607 4.72965786104 4.93056940036 5.11223289333 5.27749950222 5.42964326415 5.57282641036 5.70873079111 5.83553901417 5.95249921425 6.05929621453 6.15746907779 6.2492775633 
