range:0-360 
center: -0.0110960860926 -0.018383678517
a: -0.00534793308115 0.00248310475279 0.203467376637 0.00393333756025 -0.00843198069598 -0.00298633780738 0.00977463685779 0.00137502566393 -0.000417166582074 0.000630563541962 -0.00135277605626 -0.000270665336466 -0.000965040334873 
b: -0.00997961394666 0.00248412476656 0.219318784815 -0.00675862189568 -0.0115276951766 0.00198325612704 0.00607623713399 -0.0014541998935 -0.00267367360023 -0.000363298375067 -0.00234299339078 -0.000311403282109 -0.00133693843515 
