range:0-360 
center: -0.0119446364467 -0.0323859712822
a: -0.0065538463196 0.00535352441924 0.177117135839 0.00307482433327 -0.0176465229825 -0.00449975457042 0.0082787003015 0.00371934719839 -0.000728041598742 -0.00102741086567 -0.000734776182867 -0.000209049789903 0.000252978872589 
b: -0.0181863339111 0.0053528722528 0.191791683186 -0.010033016557 -0.0187265494408 0.00620916173304 0.00639509343051 -0.00323910284921 -0.000347559486632 0.000680779819996 -0.00116377662181 0.000258876777262 6.99691011374e-05 
