range:0-360 
center: -0.00884996695388 -0.0563489693003
a: -0.00611444568991 0.00937957998867 0.172628752106 -0.00169890438487 -0.0264547629428 -0.00850329440962 0.00883548925578 0.00800618195627 -0.00363684464975 -0.00102416925672 -0.00181348869681 -0.00010911845665 0.00105530837438 
b: -0.029355465866 0.00937933061252 0.186683553718 -0.0139289191896 -0.0322593632128 0.0102659864423 0.00520530866459 -0.00760485153473 -0.00216831472628 0.000711278019405 -0.00183604905323 0.000277191102724 0.000333162297203 
angles: 0.0704169770471 0.156490949227 0.242906972885 0.332433508795 0.427456537357 0.530385851712 0.644305972417 0.770952226742 0.908779371641 1.05643625011 1.21304765856 1.37464711244 1.53846563783 1.70863439791 1.89021497149 2.08428442039 2.28731221054 2.49471722824 2.70287925024 2.9077514873 3.10620655352 3.29894767709 3.48810259682 3.6764179155 3.86693734058 4.06536758254 4.28004907713 4.50721348827 4.72528653371 4.92389542857 5.10345963855 5.26820642667 5.42149030651 5.56712492511 5.70642915121 5.83719762857 5.95847451788 6.06984041332 6.17129915707 6.26503196066 
