range:0-360 
center: -0.011707188031 -0.0293760200741
a: -0.00634757573949 0.00477401905412 0.169093544754 0.00289738197622 -0.0170896975695 -0.00387292398008 0.00881475129495 0.00370425887868 -0.000411191488316 -0.00108129797342 -0.000597603169034 -0.000192043964142 0.000253641103308 
b: -0.0173104517119 0.00477324795378 0.185039725683 -0.00979805396084 -0.0175315776713 0.00567681168833 0.00713105851329 -0.00319575444655 -2.44794303798e-05 0.000723155878833 -0.00109940360673 0.00030751347093 7.09939049353e-05 
