range:0-360 
center: 319.916962741 339.00379804
a: -2.43099424459 1.80019552847 57.6998899715 1.40915572118 -1.15318064397 -2.14141038046 1.48806608995 1.23580232395 0.952288942234 
b: -0.143617595212 1.80048383466 60.376156792 -3.45555041146 0.865982098316 1.46491939294 1.1898597819 -0.802803944328 1.03701345338 