range:0-360 
center: -0.0135732633264 -0.0222914981275
a: -0.00650832414687 0.00214690973443 0.201352041578 0.00449940931461 -0.0111018836191 -0.00239388451194 0.00911820312394 0.00184330635824 -0.000164308234649 -0.000166286099857 -0.00122581787606 
b: -0.0119989754322 0.00215015821895 0.216082697265 -0.00851005764278 -0.0128941060143 0.00190796221954 0.00562670249327 -0.00214964101685 -0.00162784954445 -0.00061282521336 -0.00237595904211 