range:0-360 
center: -0.00861890885878 -0.0144758589066
a: -0.00416784089317 0.00282336806026 0.205789849058 0.00333063460405 -0.00567064261226 -0.00355642350351 0.0103858340582 0.000983667038753 -0.000730660043709 0.00138536299246 -0.00153486271765 -0.000342268624823 -0.00129826995292 
b: -0.00790568213547 0.00282543537048 0.222693684427 -0.00499999227577 -0.0101384699002 0.00209560170596 0.0065182423102 -0.00069302132456 -0.00373717320519 -7.02932694742e-05 -0.00232368300209 1.21566193803e-05 -0.00171326799836 
