range:0-360 
center: -3.44858940244 4.63201196194 -0.0437720706927
a: -0.00113564094656 0.00449365146646 0.164387556522 -0.00522782116383 -0.0119246681735 -0.00490126055887 0.0100088273376 0.00590179813183 -6.74503501356e-05 0.000257105053016 -0.000164396940583 0.000391905215295 0.000843641858283 0.00013883521382 -4.96222266087e-07 3.41585505908e-05 -5.68677819275e-05 
b: -0.00134510393622 0.0143067514433 0.0816731698448 -0.00309972737058 -0.00604295388607 
c: -0.0111863553406 0.184215940263 0.00449362849225 -0.0104481361687 -0.0074990451332 0.00981943952026 0.0040862024716 0.00154406560788 -0.00682552437212 -2.5858666466e-05 -0.000559426600871 0.000766319358583 -0.000530716409634 0.000149797924192 -0.000161693214826 -6.83247459396e-06 -0.000111877413417 
angles: 0.00895703321313 0.133023986071 0.258360610088 0.386491124592 0.519366043875 0.659030432013 0.806788078974 0.963083049571 1.12722695602 1.2967131173 1.46963714293 1.6436904025 1.81807426086 1.99205725727 2.16412694442 2.33343168444 2.4990531853 2.66136230232 2.82077366367 2.97806028517 3.13425073189 3.29070940971 3.44912617858 3.61132641288 3.77911949356 3.95427625706 4.13809284916 4.33025854788 4.52622855744 4.718542072 4.90140041451 5.07249893443 5.23200200068 5.38158574176 5.52332906177 5.65916196757 5.79032265059 5.91812991862 6.04389433647 6.1682948973 
