range:0-360 
center: -0.0130978515293 -0.0253878199632
a: -0.00644873243086 0.00341601984909 0.196921617499 0.0033083750468 -0.0134805735841 -0.00329314489961 0.00913358443195 0.00331588361966 9.82890273566e-08 -0.000315870451554 -0.0012215893908 -0.000350658726393 -0.000278937289845 
b: -0.0137919808513 0.00341515814083 0.211949850352 -0.00958774158366 -0.0141040142351 0.00354226908514 0.00589518496448 -0.00296271566235 -0.000617264326128 -5.97821003355e-05 -0.00202680856432 1.22778937686e-06 -0.000410228766153 
