range:0-360 
center: -0.00676043406624 -0.0456100565055
a: -0.00686775483657 0.0157995813134 0.187187926914 0.00490836313791 -0.0246517843208 -0.0145930810285 0.00710942075413 0.00247916028989 -0.000418811478117 -0.00128268352697 6.97723289236e-05 -0.000363933529925 0.00067776365217 
b: -0.02482223833 0.0158003390435 0.20178060415 -0.00882915834256 -0.0249898887584 0.0170034250358 0.00748769674783 -0.00144412059005 8.17966667093e-05 0.00109685135302 0.000298780956921 0.000684029562194 -0.00020038032212 
angles: 0.0417849908436 0.154342685079 0.26955379258 0.387617214247 0.508225956289 0.630429808256 0.7548781758 0.883997251786 1.01935240434 1.16003922899 1.30544785531 1.4567117418 1.61519381807 1.78191175024 1.95757420056 2.14297151988 2.33679267127 2.53466396432 2.73198241508 2.92613359197 3.11543758963 3.30034866409 3.48313393414 3.66470551317 3.84593746252 4.02995096216 4.21891594058 4.41133679504 4.6060254754 4.80034588681 4.991056463 5.17533601689 5.3463407251 5.50064833606 5.63959871177 5.76638029444 5.88426825888 5.99642249127 6.10578849833 6.21474105165 
