range:0-360 
center: -0.014904951716 -0.0428662090903
a: -0.00772360519767 0.00613176155212 0.181319749666 0.00206418408808 -0.0248476359035 -0.00484984099196 0.0087070793292 0.00618363567417 0.000717621883995 -0.00183697358447 -0.00112043715574 
b: -0.0231749186062 0.0061324502743 0.19581328136 -0.0134027917516 -0.0215038809941 0.00742757494316 0.00576591713321 -0.00515897971257 0.00272586865152 0.000740930620003 -0.00159719001632 