range:0-360 
center: -0.0120620102855 -0.0216627967401
a: -0.00595373904661 0.00273717474864 0.151667927215 0.00575070463423 -0.0110587852365 -0.002175845166 0.00460634641298 0.000330200415318 -0.000644123734064 -0.000402489424394 0.00080748126682 -0.000130324123153 2.06839943643e-05 
b: -0.0117456091452 0.00273744832173 0.162827265009 -0.0061564295335 -0.0124331077704 0.00329924450299 0.00655303386474 -7.51283345355e-05 -0.000733135291703 0.000718119612067 0.00114856241508 0.000136826450537 -7.42614734639e-05 
angles: 0.0827567272586 0.215649938568 0.347280749391 0.477684536535 0.606916161803 0.735687849968 0.865083561582 0.996269802406 1.13019592326 1.26778068121 1.4095086934 1.55616450224 1.70803321851 1.86572750329 2.0288193989 2.19709043508 2.36987964882 2.54606645385 2.72394491634 2.9019190124 3.07917808029 3.25569934494 3.43168931046 3.60815409488 3.78558838916 3.96397547844 4.14282313627 4.32203568185 4.50063144251 4.67755050799 4.85230535713 5.02369416205 5.19158121289 5.35504111561 5.51351548955 5.66638487138 5.81390537544 5.95662841919 6.09553606372 6.23169953641 
