range:0-360 
center: -3.61195437312 4.95107241869 -0.056380201003
a: -0.00355330641054 0.0035628686471 0.177787434415 -0.00012390511756 -0.00865180684504 -0.00377109548182 0.0101798344153 0.00391079185599 0.00148134683689 6.94062739126e-05 0.000234932835613 -0.000386297874493 0.000176765392867 
b: -0.00221707930453 0.0149340065758 0.0878804271112 -0.000297582182977 -0.00469361335336 -0.0010956321457 0.00522034124777 
c: -0.00692599689487 0.198220252723 0.00356220411003 -0.00519966820132 -0.00723017391794 0.0102532370856 0.00335583765973 0.0019722966918 -0.00344353755957 -0.000180055516548 -0.000367045127669 0.000304720840911 6.24128042191e-05 
angles: 0.0338013836907 0.166744442086 0.301274693731 0.438399686315 0.579204646541 0.724475735959 0.874631802426 1.03004363773 1.19088648081 1.35639294359 1.52456968348 1.69300573214 1.86024932016 2.02556818216 2.18844256245 2.34857092375 2.50539717204 2.65904353968 2.81033976134 2.96043944936 3.11066602035 3.26228173833 3.4164831125 3.57458717184 3.73779378395 3.90702769864 4.0828757586 4.26511694492 4.4520703948 4.64050282995 4.82622164845 5.00547648202 5.17622978849 5.33804607568 5.49181007282 5.63887727189 5.78035485034 5.91771230611 6.05209872481 6.18476033282 
