range:0-360 
center: -0.00195736379198 -0.0533539655067
a: -0.00576890772834 0.0173145452532 0.176953119516 0.00148496045515 -0.027733943687 -0.0162508940047 0.00897696387596 0.00443303264885 -0.000954553281469 
b: -0.0286330215718 0.0172994766313 0.193255530627 -0.0101180823428 -0.0296566519486 0.0185545855699 0.00720317052894 -0.00373944770205 -0.00116968079462 