range:0-360 
center: -0.0106742556191 -0.0560610750646
a: -0.00632516103603 0.00773800504029 0.172560815541 -0.00184444953154 -0.0263615717532 -0.00675660696342 0.00869144202117 0.00839315372317 -0.00358937852172 -0.00114743732913 -0.00143970115294 
b: -0.0291436331947 0.00772067997584 0.186568082737 -0.0145406324551 -0.031903380934 0.0087187877006 0.00531078459795 -0.00800116861902 -0.00182743194205 0.000788977342867 -0.00167647959728 