range:0-360 
a: -2.3632871428 1.48887337389 58.6421826355 1.47752061149 -0.85723344271 -1.81886299218 1.60033601409 1.03541541061 0.792168825715 
b: -0.0620401496723 1.48913827401 61.5317606259 -3.25120174482 0.733952052516 1.16341066093 1.29093291366 -0.728461263498 0.772511749778 