range:0-360 
center: -0.014449389585 -0.0313774040095
a: -0.00759721439351 0.00555505279419 0.184862150601 0.00647925960922 -0.016821799731 -0.00535621336037 0.00557698045887 
b: -0.0169827992722 0.00555902644118 0.197086927675 -0.00874228459709 -0.0171958576755 0.00556016293024 0.00655446616028 