range:0-360 
center: -3.63506029248 4.99679454565 -0.0577618705051
a: -0.00372615774581 0.00254168120853 0.180803472125 0.000722556144097 -0.0070951233398 -0.00293716888169 0.0104924943543 0.00299618197564 0.00108268112979 0.000153681701344 0.0002553631508 -0.00019685367958 -3.66380116261e-05 0.000195702288488 -0.000414988396548 0.000128646080862 -4.39682856819e-05 
b: -0.00225829125447 0.014572806902 0.0895871251188 0.000204178409541 -0.00373758910719 
c: -0.00602499672708 0.201763084633 0.00254169958659 -0.00495474843359 -0.00672975798154 0.0104673264259 0.00214626746785 0.00105763199766 -0.00301118846241 -0.000281466256348 -0.000637439028909 1.05940046861e-05 -0.000210249769373 -0.000103277208191 -0.000288713079435 0.000108584213571 -0.000295313532987 
angles: 0.0357541289729 0.170133702739 0.306013872463 0.444496807237 0.586744834895 0.733474273864 0.884852982958 1.04104263033 1.20210777031 1.3672554577 1.5346379445 1.70241354036 1.86892504394 2.03346625836 2.19528362975 2.35407382044 2.50939483679 2.66162960832 2.81145020971 2.96005817271 3.10893440608 3.25929243464 3.41233494572 3.56947697731 3.73185574016 3.90026782516 4.07517673899 4.2562056473 4.44163855489 4.62867314288 4.81374413861 4.99331386414 5.16513008078 5.32848082502 5.48383738329 5.63257820088 5.77579462224 5.91479956991 6.05081739796 6.18511127337 
