range:0-360 
center: -0.0120620102855 -0.0216627967401
a: -0.00595413827277 0.0027376872732 0.15167090387 0.00574235201386 -0.0110755170752 -0.00216376011153 0.00456743512542 
b: -0.0117484591878 0.00273620931374 0.16282997391 -0.00614358274932 -0.0124492986091 0.00330575290331 0.00653034530868 