range:0-360 
center: -3.49574514628 4.72280789614 -0.0492957612877
a: -0.00221879618719 0.00455973392633 0.166929519264 -0.00272893335238 -0.0130771027782 -0.00425901089293 0.00973087009926 0.00506524671859 0.00125236842849 -0.000379609531104 -0.000103073679491 -0.000234061487233 0.000765727751956 0.000109046084571 -4.62805473584e-05 8.91324803476e-05 3.69267893004e-05 
b: -0.00186184418387 0.0144978088225 0.0829356463233 -0.00176397388557 -0.00655812317037 
c: -0.0109927603001 0.186232139776 0.00455966565842 -0.00890847873942 -0.00716652044148 0.00957158942523 0.00486064465669 0.00291644764174 -0.00483024312403 -5.66303439081e-05 0.000220746284498 0.000896499973174 1.42893587208e-06 0.000101670003045 -4.27972360005e-05 0.000109061587429 -0.000144632039055 
angles: 0.0195522106173 0.14476516504 0.27144562606 0.400642669925 0.533713128868 0.672179292175 0.817409617888 0.970119408484 1.13092543714 1.29877588729 1.47093500098 1.64481108058 1.81852467036 1.9908505342 2.16123383065 2.32888690623 2.49311084379 2.65388970769 2.81216251525 2.96882107021 3.12495130897 3.28161687804 3.44023068525 3.60243206033 3.76990305139 3.94426010287 4.12653577477 4.31710641298 4.51234792182 4.70582567996 4.89125103227 5.06586260905 5.22928792735 5.38270806323 5.52787443476 5.66608269703 5.79860297017 5.9271799331 6.05329632132 6.1781344145 
