range:0-360 
center: 320.106505218 339.746483762
a: -2.31132993307 2.63304030314 54.0733144267 0.826486389905 -0.338487737283 -3.32743547718 1.70453479755 1.29137439156 0.506093586146 0.610534151371 -0.554593757063 
b: 0.154360052328 2.63442214514 56.5185197736 -3.79338145599 0.647213263589 1.93882425848 0.740445741819 -1.67315577388 0.481502399192 -0.77318817579 -0.426740995595 