range:0-360 
center: -0.00861890885878 -0.0144758589066
a: -0.00416784089317 0.00282336806026 0.205789849058 0.00333063460405 -0.00567064261226 -0.00355642350351 0.0103858340582 0.000983667038753 -0.000730660043709 0.00138536299246 -0.00153486271765 -0.000342268624823 -0.00129826995292 
b: -0.00790568213547 0.00282543537048 0.222693684427 -0.00499999227577 -0.0101384699002 0.00209560170596 0.0065182423102 -0.00069302132456 -0.00373717320519 -7.02932694742e-05 -0.00232368300209 1.21566193803e-05 -0.00171326799836 
angles: 0.0424177430841 0.187407715645 0.331888009932 0.476451665355 0.621053177414 0.765577490839 0.91017768 1.05484089698 1.19981838793 1.3459475654 1.49400852367 1.64442618024 1.79778226574 1.95458614238 2.11482007671 2.27757027851 2.44183881289 2.60746850426 2.7737637916 2.94004423327 3.10677230137 3.27388768513 3.4410363935 3.60837570061 3.77630680126 3.94475484312 4.11303097389 4.28127310842 4.45010031103 4.61956099088 4.78604572356 4.94860989413 5.10873503822 5.26632261737 5.4209279094 5.57326340621 5.72538237817 5.87858704443 6.03042355768 6.17929230539 
