range:0-360 
center: -3.58876834512 4.90538190603 -0.0551076756092
a: -0.00335565091019 0.00435246247148 0.174939435678 -0.000664290826285 -0.0100050661 -0.00435462286149 0.0100959300478 0.00431224264183 0.00170739309459 -0.000168735420297 0.000138541019007 -0.000431576058495 0.000401453250336 0.000231546681027 -0.000243462078339 0.000135705002752 8.51165451414e-06 
b: -0.00220596073877 0.0149856864472 0.0868322041433 -0.000527338813623 -0.00512903497629 
c: -0.00785864731741 0.19511093104 0.00435237687191 -0.0057120999377 -0.00737557513731 0.0100755259874 0.00435049062644 0.0025856472374 -0.00372773295957 -0.00015936859197 -0.00017385869157 0.000475235731084 0.000153410719909 -4.46481805971e-05 -0.000100615486461 7.99302110286e-05 -0.000140773431751 
angles: 0.0314981410565 0.162810738785 0.295802001473 0.431390705224 0.570625563304 0.714416113152 0.863378945178 1.01796311455 1.17844462843 1.34411960247 1.51306101593 1.68254570187 1.85087170766 2.01739286455 2.18170327696 2.34332382076 2.50170145692 2.65692273752 2.8097526201 2.96136890194 3.11302777276 3.26585477773 3.42114376606 3.58018708295 3.74424882251 3.91438460958 4.09133980975 4.275062606 4.46382541159 4.65358025374 4.83967988902 5.01841542041 5.18805272026 5.34836802928 5.5003930089 5.64556527334 5.78506204042 5.92044626136 6.05308263959 6.1840826864 
