range:0-360 
center: -0.0152217718765 -0.0489709181231
a: -0.00748183698106 0.00494487704328 0.176022082125 0.00095411705137 -0.0271869474234 -0.00319341014785 0.00890635176726 0.00681641386813 -0.000285568897864 -0.00230841319194 -0.0010458445877 -0.000175261257101 0.00121960637879 
b: -0.0262604183928 0.00494484588018 0.19119951626 -0.0140094289564 -0.0253298378255 0.00671724260909 0.00626074811275 -0.00623195515373 0.00214341604523 0.00116945608661 -0.00166321567328 0.000289458810178 0.00106916164688 
angles: 0.105220431847 0.208893078638 0.309475200645 0.408486893962 0.507764573461 0.609374290161 0.715632456003 0.82906261026 0.95201214326 1.08642136015 1.23518417916 1.39793384767 1.56928892459 1.74486320887 1.92416210742 2.10828072867 2.29833443087 2.49245120852 2.6877381023 2.8833451205 3.07786444749 3.26968478156 3.45821103932 3.64471296456 3.83185402023 4.02361547195 4.22619794152 4.43747692483 4.64446916531 4.83985476945 5.02325601787 5.19685600073 5.3610471048 5.51482882672 5.6595907446 5.7966574573 5.92663459407 6.05028413101 6.1681690317 6.28074077404 
