range:0-360 
center: -3.67988334298 5.08890886307 -0.0607438363193
a: -0.00341739045963 0.000693654453865 0.185345401355 0.00192380054039 -0.00413508587741 -0.00154816693133 0.0120081576247 0.000987221839703 0.000591202916241 0.00046640747448 0.000179617307397 -0.000173324871057 -0.000713031945939 0.000236495267734 -0.000310338942087 0.000617286242542 -0.000120100517157 
b: -0.00198997590882 0.0141538061369 0.0917282976192 0.000785288388349 -0.00222811501109 
c: -0.00433377498247 0.208739741411 0.000693959410881 -0.00453253847015 -0.00491068595406 0.0113860093935 -0.000160498544392 -0.000988960111271 -0.00199934904134 -0.000801704338326 -0.00124184512017 -0.000865321874663 -0.00118551405666 -0.00068681029244 -0.000560692743384 -4.03452056598e-05 -0.000747111307159 
angles: 0.0330198195102 0.169696000993 0.307871778494 0.448897773669 0.594033530503 0.743904661616 0.898292696616 1.05691806166 1.21962527524 1.38554417743 1.55320865221 1.72097556465 1.8874156806 2.05143009131 2.21212204863 2.36916177683 2.52253138878 2.672328154 2.81949644259 2.96547947231 3.1117792376 3.25963589808 3.4103121341 3.56519047644 3.72546018254 3.89193325726 4.06467182496 4.24299570723 4.42557203687 4.61013284846 4.79349476893 4.97218528207 5.14422983773 5.30914278603 5.46681437621 5.61751481691 5.76255181126 5.90376946567 6.04247644095 6.17972379115 
