range:0-360 
center: -3.49574514628 4.72280789614 -0.0492957612877
a: -0.00221880732306 0.00455967863112 0.166929811222 -0.00272908466485 -0.0130771322698 -0.00425976721854 0.00973031130063 0.0050647451549 0.00125261201105 -0.000372108623549 -0.000103993221835 -0.000222756746145 0.00076517061719 
b: -0.00183643284927 0.0146231548973 0.0826060440989 -0.00176635377467 -0.00686953122422 -0.00131837873764 0.00509354208045 
c: -0.0109928590722 0.186232163774 0.00455998462919 -0.00890834830712 -0.00716645291388 0.00957058329533 0.00486007576219 0.00291490717568 -0.00482925957936 -4.8550972636e-05 0.000220288506701 0.000911159505263 -1.09706086385e-05 
angles: 0.0195522106173 0.14476516504 0.27144562606 0.400642669925 0.533713128868 0.672179292175 0.817409617888 0.970119408484 1.13092543714 1.29877588729 1.47093500098 1.64481108058 1.81852467036 1.9908505342 2.16123383065 2.32888690623 2.49311084379 2.65388970769 2.81216251525 2.96882107021 3.12495130897 3.28161687804 3.44023068525 3.60243206033 3.76990305139 3.94426010287 4.12653577477 4.31710641298 4.51234792182 4.70582567996 4.89125103227 5.06586260905 5.22928792735 5.38270806323 5.52787443476 5.66608269703 5.79860297017 5.9271799331 6.05329632132 6.1781344145 
