range:0-360 
center: -0.00874520600169 -0.00787710358935
a: -0.00407400051874 0.00212950130253 0.115963647331 0.00377354700355 -0.00276519151928 -0.000997271083128 0.0056639314208 0.00030448809741 -0.00172020227667 -0.0010439061736 0.000666760121849 
b: -0.00448175485335 0.00212945798551 0.128394254126 -0.00437444212926 -0.00619870291851 0.00326239150839 0.00676619819095 -0.000298359706636 -0.00171371556772 0.00122338297029 0.000438052305564 