range:1.41371669412 to 2.19911485751 
center: -3.92571912706 5.18627738953 -0.0646893128287
a: 277.504115021 112.383678642 -403.744141096 -146.49777925 -87.8851228887 -21.0314103577 20.269964714 
b: 0.00686680143983 0.00569917865137 -0.00590366121886 
c: 16.9001002062 35.2446519543 -17.2451696851 2.67471689736 -26.3075173895 -5.99901441108 -3.19704002534 
angles: 1.41371669412 1.46607657168 1.51843644924 1.57079632679 1.62315620435 1.67551608191 1.72787595947 1.78023583703 1.83259571459 1.88495559215 1.93731546971 1.98967534727 2.04203522483 2.09439510239 2.14675497995 2.19911485751 
range:2.19911485751 to 4.08407044967 
center: -4.60815054017 5.18452771934 -0.419047003662
a: 0.741344332221 1.15851338993 0.485554070411 0.524720616815 -0.278635161732 0.108131736903 -0.161694633302 
b: 0.00116874310633 0.00132151366628 0.000121677720485 
c: -78417.2618983 -139812.771038 2466.10171674 -98592.0511474 3462.51834693 -54172.9717833 2831.73360691 -22518.3215403 1551.38302812 -6706.72681146 568.256720335 -1284.80493741 127.743060931 -119.999858372 13.4926992743 
angles: 2.19911485751 2.25147473507 2.30383461263 2.35619449019 2.40855436775 2.46091424531 2.51327412287 2.56563400043 2.61799387799 2.67035375555 2.72271363311 2.77507351067 2.82743338823 2.87979326579 2.93215314335 2.98451302091 3.03687289847 3.08923277603 3.14159265359 3.19395253115 3.24631240871 3.29867228627 3.35103216383 3.40339204139 3.45575191895 3.50811179651 3.56047167407 3.61283155163 3.66519142919 3.71755130675 3.76991118431 3.82227106187 3.87463093943 3.92699081699 3.97935069455 4.03171057211 4.08407044967 
range:4.08407044967 to 4.86946861306 
center: -5.29422208667 5.18627876043 -0.0681664268486
a: -15.2321021477 -6.77118735805 -19.9707446641 4.72260094636 -3.53912941062 
b: 0.00814764624731 0.00645284613889 0.0071843509637 
c: 25854.0355113 8291.73209653 40799.3360731 -19543.1244901 8277.15425181 -3537.24828494 -5169.87049583 572.223455729 -587.1184245 
angles: 4.08407044967 4.13643032723 4.18879020479 4.24115008235 4.29350995991 4.34586983747 4.39822971503 4.45058959259 4.50294947015 4.55530934771 4.60766922527 4.66002910282 4.71238898038 4.76474885794 4.8171087355 4.86946861306 
range:4.86946861306 to 1.41371669412 
center: -4.60815078562 5.1893396811 0.459606957707
a: -0.00254965083343 0.000979156357737 0.316130956407 0.00382334135049 0.244403893449 -0.000781974970503 -0.0385260795357 -0.00381400082669 -0.122432488706 0.00106772520334 0.00997388348176 0.00377878880055 0.0692094106337 -0.00151071256276 -0.0140227392552 -0.00365995275661 -0.0504825877793 0.00211655617864 0.0129564016844 0.00333946925681 0.0354531389402 -0.00291745799978 -0.0145719177574 -0.00253178173511 -0.0236769105509 0.0038134040286 0.0174079082661 0.000537175949318 0.0128114451275 -0.00346429585932 -0.0222044457549 0.00201307922 0.00905686693435 
b: -0.0057675476735 0.00925262424173 9.02581232534e-06 -0.00342019117048 -0.000247595356544 
c: -0.19833489967 0.163994676327 -0.0295065392619 0.304358153563 0.0172274878015 -0.209725091483 0.0189039211139 -0.112789120308 -0.0294705620391 0.260009984849 0.00344540967646 -0.247804577133 0.0235462062845 0.120182528695 -0.0240356917356 -0.0309178926141 0.00895957130975 
angles: 4.86946861306 4.92182849062 4.97418836818 5.02654824574 5.0789081233 5.13126800086 5.18362787842 5.23598775598 5.28834763354 5.3407075111 5.39306738866 5.44542726622 5.49778714378 5.55014702134 5.6025068989 5.65486677646 5.70722665402 5.75958653158 5.81194640914 5.8643062867 5.91666616426 5.96902604182 6.02138591938 6.07374579694 6.1261056745 6.17846555206 6.23082542962 0.0 0.0523598775598 0.10471975512 0.157079632679 0.209439510239 0.261799387799 0.314159265359 0.366519142919 0.418879020479 0.471238898038 0.523598775598 0.575958653158 0.628318530718 0.680678408278 0.733038285838 0.785398163397 0.837758040957 0.890117918517 0.942477796077 0.994837673637 1.0471975512 1.09955742876 1.15191730632 1.20427718388 1.25663706144 1.308996939 1.36135681656 1.41371669412 
