range:1.41371669412 to 2.19911485751 
center: -3.95512974262 5.01747447252 -0.0514385596543
a: -199.125897586 -77.8921567343 291.510629008 108.072891225 62.3168186037 15.6894083775 -15.6959669314 
b: 0.00106549926759 0.00385484181876 -0.000202893465156 
c: 20.0311415907 13.1510811985 -28.0729209763 -8.99833945273 -10.0440031034 -2.53243466032 0.792969028045 
angles: 1.41371669412 1.46607657168 1.51843644924 1.57079632679 1.62315620435 1.67551608191 1.72787595947 1.78023583703 1.83259571459 1.88495559215 1.93731546971 1.98967534727 2.04203522483 2.09439510239 2.14675497995 2.19911485751 
range:2.19911485751 to 4.08407044967 
center: -4.60815101056 5.01569250468 -0.376866471928
a: -4.78700436071 -7.88136441887 2.26667418583 -4.29606774212 1.74416503512 -1.42026215562 0.850066847041 -0.218767499456 0.202541304766 
b: 0.00319173787866 0.00405719909651 -0.000481414363738 
c: 51902.9024133 86047.351363 -4502.55041281 46760.9537159 -5012.66831341 12939.4890272 -1724.79862769 -1195.7955064 1892.38067586 -996.061571852 3212.98475013 2002.14643353 2441.04572015 2454.43673512 1156.89230482 1289.63268592 351.817981532 358.314304718 63.3620745585 43.7211254009 5.14756950287 
angles: 2.19911485751 2.25147473507 2.30383461263 2.35619449019 2.40855436775 2.46091424531 2.51327412287 2.56563400043 2.61799387799 2.67035375555 2.72271363311 2.77507351067 2.82743338823 2.87979326579 2.93215314335 2.98451302091 3.03687289847 3.08923277603 3.14159265359 3.19395253115 3.24631240871 3.29867228627 3.35103216383 3.40339204139 3.45575191895 3.50811179651 3.56047167407 3.61283155163 3.66519142919 3.71755130675 3.76991118431 3.82227106187 3.87463093943 3.92699081699 3.97935069455 4.03171057211 4.08407044967 
range:4.08407044967 to 4.86946861306 
center: -5.26117306948 5.01747506857 -0.0514387992771
a: 328.273382569 120.980226295 481.941460885 -180.254387361 96.7153524328 -24.2570573805 -26.5936438515 
b: -0.0039789079745 0.000890163981755 -0.00484046423719 
c: -21709.0599103 -7820.38890056 -34031.7194536 15959.1759215 -7744.40028459 3263.37537562 4054.48432691 -417.804946666 530.587637072 
angles: 4.08407044967 4.13643032723 4.18879020479 4.24115008235 4.29350995991 4.34586983747 4.39822971503 4.45058959259 4.50294947015 4.55530934771 4.60766922527 4.66002910282 4.71238898038 4.76474885794 4.8171087355 4.86946861306 
range:4.86946861306 to 1.41371669412 
center: -4.60815111507 5.02014913559 0.436907900463
a: -0.00683568364388 0.00473100868448 0.615883445409 0.00897070987365 0.0568952996422 -0.00797893024372 -0.289655365457 -0.00491361398524 0.200191597541 0.0106420581335 0.0814002314145 -0.00237857201603 -0.295442721569 -0.00760671224237 0.283221970513 0.00834025193371 -0.144791584873 -0.00318119617652 0.0353598178312 
b: -0.00147245790127 0.0018197655254 -3.82791616592e-05 0.000296414618755 0.000973957980827 
c: -0.039119600257 0.0389068718016 -0.0239213674392 0.117680123883 0.00744962913268 0.035994880914 0.0222442495671 -0.0624413519922 -0.0156930893468 -0.0194054494196 -0.01760002476 0.0410677995146 0.0253385198789 -0.00414926942258 0.00561475308879 -0.0290804590189 -0.0344358534348 0.0252253062071 0.0310676134029 -0.00931295905037 -0.0110455891766 
angles: 4.86946861306 4.92182849062 4.97418836818 5.02654824574 5.0789081233 5.13126800086 5.18362787842 5.23598775598 5.28834763354 5.3407075111 5.39306738866 5.44542726622 5.49778714378 5.55014702134 5.6025068989 5.65486677646 5.70722665402 5.75958653158 5.81194640914 5.8643062867 5.91666616426 5.96902604182 6.02138591938 6.07374579694 6.1261056745 6.17846555206 6.23082542962 0.0 0.0523598775598 0.10471975512 0.157079632679 0.209439510239 0.261799387799 0.314159265359 0.366519142919 0.418879020479 0.471238898038 0.523598775598 0.575958653158 0.628318530718 0.680678408278 0.733038285838 0.785398163397 0.837758040957 0.890117918517 0.942477796077 0.994837673637 1.0471975512 1.09955742876 1.15191730632 1.20427718388 1.25663706144 1.308996939 1.36135681656 1.41371669412 
