range:1.41371669412 to 2.19911485751 
center: -3.91015739739 5.23747143149 -0.0669449218548
a: 238.750256942 90.6349996044 -351.641739092 -132.760390349 -72.5254030629 -18.0959956383 19.8700193326 
b: 0.00683963032603 0.00593625258655 -0.00581797071097 
c: -426.472602122 -138.812403937 631.616934212 242.573669045 112.242459533 28.3354707169 -37.6106575698 
angles: 1.41371669412 1.46607657168 1.51843644924 1.57079632679 1.62315620435 1.67551608191 1.72787595947 1.78023583703 1.83259571459 1.88495559215 1.93731546971 1.98967534727 2.04203522483 2.09439510239 2.14675497995 2.19911485751 
range:2.19911485751 to 4.08407044967 
center: -4.6081505144 5.23571395874 -0.427492326176
a: 279.045247614 475.776697386 1.73939189614 291.158164109 0.985600926056 122.516481791 0.338433080394 32.0610342626 0.002712182694 3.97206792765 -0.0449354463311 
b: 0.00144476619734 0.00173221444762 -3.1608623578e-05 
c: -93635.0721783 -166880.046527 2191.26093766 -117540.28005 3076.56309529 -64454.910926 2516.01875244 -26714.7175219 1378.38553607 -7925.60307082 504.890431954 -1510.62896631 113.504634603 -140.171683081 11.9905615596 
angles: 2.19911485751 2.25147473507 2.30383461263 2.35619449019 2.40855436775 2.46091424531 2.51327412287 2.56563400043 2.61799387799 2.67035375555 2.72271363311 2.77507351067 2.82743338823 2.87979326579 2.93215314335 2.98451302091 3.03687289847 3.08923277603 3.14159265359 3.19395253115 3.24631240871 3.29867228627 3.35103216383 3.40339204139 3.45575191895 3.50811179651 3.56047167407 3.61283155163 3.66519142919 3.71755130675 3.76991118431 3.82227106187 3.87463093943 3.92699081699 3.97935069455 4.03171057211 4.08407044967 
range:4.08407044967 to 4.86946861306 
center: -5.30961477756 5.23750132322 -0.0707537459675
a: -29080.7085906 -10110.5405191 -45681.4383049 21565.1707074 -10031.7840364 4241.95182639 5550.30939693 -585.870509577 693.237407543 
b: 0.00651470620844 0.00576283690018 0.00551606724836 
c: 18898.7311897 6214.78292516 29795.7836859 -14229.6848129 6202.15020882 -2649.47612867 -3742.26566099 409.811684819 -439.554566388 
angles: 4.08407044967 4.13643032723 4.18879020479 4.24115008235 4.29350995991 4.34586983747 4.39822971503 4.45058959259 4.50294947015 4.55530934771 4.60766922527 4.66002910282 4.71238898038 4.76474885794 4.8171087355 4.86946861306 
range:4.86946861306 to 1.41371669412 
center: -4.60815075961 5.24056731137 0.458715046536
a: 0.00515313724722 -0.00578642432113 -0.774539921429 -0.0029856554118 1.92135981848 0.0076335236669 -1.55435076638 -0.00580452840431 0.709235629826 0.00189796888414 -0.17064962518 
b: -0.00546298595166 0.00872856001938 -5.68764233957e-06 -0.00316657784797 5.69706604935e-05 
c: -0.0430275458519 0.037304463102 0.00612932118658 0.115319332483 -0.000608714015735 0.0236633053556 -0.00621448647505 -0.0813097866276 0.00130401686443 -0.0287092037261 0.00636305647913 0.0459580161567 -0.00221279825998 -0.00162945820818 -0.00650550627318 -0.0414699762483 0.0035712172893 0.018171282726 0.00642428207309 0.0232557127122 -0.0059141339759 -0.0397349778899 -0.00520014025727 0.0248404842941 0.01082608775 -0.00975949050735 -0.0057353424711 
angles: 4.86946861306 4.92182849062 4.97418836818 5.02654824574 5.0789081233 5.13126800086 5.18362787842 5.23598775598 5.28834763354 5.3407075111 5.39306738866 5.44542726622 5.49778714378 5.55014702134 5.6025068989 5.65486677646 5.70722665402 5.75958653158 5.81194640914 5.8643062867 5.91666616426 5.96902604182 6.02138591938 6.07374579694 6.1261056745 6.17846555206 6.23082542962 0.0 0.0523598775598 0.10471975512 0.157079632679 0.209439510239 0.261799387799 0.314159265359 0.366519142919 0.418879020479 0.471238898038 0.523598775598 0.575958653158 0.628318530718 0.680678408278 0.733038285838 0.785398163397 0.837758040957 0.890117918517 0.942477796077 0.994837673637 1.0471975512 1.09955742876 1.15191730632 1.20427718388 1.25663706144 1.308996939 1.36135681656 1.41371669412 
