range:1.41371669412 to 2.19911485751 
center: -3.94153110683 5.07378718257 -0.0591975956632
a: -176.718347877 -66.9960394881 259.251112603 96.8256102633 53.7055717448 13.5879523423 -14.3000080565 
b: 0.00140568399641 0.00400766434192 -0.000526458176558 
c: -57.4832712463 -8.66342560007 87.1256635751 35.7379276733 7.56063399968 1.92252317484 -6.26115191555 
angles: 1.41371669412 1.46607657168 1.51843644924 1.57079632679 1.62315620435 1.67551608191 1.72787595947 1.78023583703 1.83259571459 1.88495559215 1.93731546971 1.98967534727 2.04203522483 2.09439510239 2.14675497995 2.19911485751 
range:2.19911485751 to 4.08407044967 
center: -4.60815095901 5.07196445723 -0.392071251934
a: -5.8687212972 -9.66338822295 2.27585291556 -5.26919559374 1.74178871659 -1.74294749198 0.858663428802 -0.268683274987 0.209266268689 
b: 0.00311510441257 0.00394106537857 -0.000434792567475 
c: 140391.545796 229584.069449 11688.2443714 113139.356261 18744.4488923 6559.92871199 19191.335598 -43187.4411678 14570.0897068 -42345.2903378 8406.00609122 -22975.651783 3622.07860578 -7915.88033205 1107.52271839 -1644.92348657 215.636775144 -159.970694645 20.2097804912 
angles: 2.19911485751 2.25147473507 2.30383461263 2.35619449019 2.40855436775 2.46091424531 2.51327412287 2.56563400043 2.61799387799 2.67035375555 2.72271363311 2.77507351067 2.82743338823 2.87979326579 2.93215314335 2.98451302091 3.03687289847 3.08923277603 3.14159265359 3.19395253115 3.24631240871 3.29867228627 3.35103216383 3.40339204139 3.45575191895 3.50811179651 3.56047167407 3.61283155163 3.66519142919 3.71755130675 3.76991118431 3.82227106187 3.87463093943 3.92699081699 3.97935069455 4.03171057211 4.08407044967 
range:4.08407044967 to 4.86946861306 
center: -5.27477166057 5.07378774882 -0.0591978474112
a: 328.940024944 117.723429409 483.714934064 -181.918886382 94.2035688977 -23.6751218425 -27.1505844484 
b: -0.00314986903842 0.0013303102832 -0.00402818867951 
c: -27817.2205269 -10469.7010436 -43491.1297355 20220.2696347 -10337.7139979 4334.26474317 5050.66848242 -504.143957051 699.431364348 
angles: 4.08407044967 4.13643032723 4.18879020479 4.24115008235 4.29350995991 4.34586983747 4.39822971503 4.45058959259 4.50294947015 4.55530934771 4.60766922527 4.66002910282 4.71238898038 4.76474885794 4.8171087355 4.86946861306 
range:4.86946861306 to 1.41371669412 
center: -4.60815113241 5.07653261531 0.442059445652
a: -0.0246701572951 0.0291186225489 1.63158018222 0.0110057350281 -1.41227397776 -0.0338754213473 0.961739441681 0.0270738165562 -0.409157115635 -0.00921643303935 0.0709228846813 
b: -0.00181643323593 0.00237490339024 -3.46041011196e-05 2.68069274174e-05 0.000879566178869 
c: -0.0231983195277 0.0299339247786 -0.021188240063 0.0904518569259 0.00214926468492 0.0403596078635 0.0212148698811 -0.0470124142349 -0.00455880620384 -0.0413994063203 -0.0211864899484 0.0210708704094 0.00753816399422 0.0242488914437 0.0208900801439 -0.0178587118934 -0.0115297765368 -0.0154003580752 -0.0197782227777 0.0165437197774 0.0171795696361 0.00740076384243 0.0163964496477 -0.0165393330332 -0.0253053552533 0.000122801870433 -0.00618333041942 0.013138176941 0.0348664032187 -0.011303984705 -0.0303248577304 0.00296050733819 0.0102602425797 
angles: 4.86946861306 4.92182849062 4.97418836818 5.02654824574 5.0789081233 5.13126800086 5.18362787842 5.23598775598 5.28834763354 5.3407075111 5.39306738866 5.44542726622 5.49778714378 5.55014702134 5.6025068989 5.65486677646 5.70722665402 5.75958653158 5.81194640914 5.8643062867 5.91666616426 5.96902604182 6.02138591938 6.07374579694 6.1261056745 6.17846555206 6.23082542962 0.0 0.0523598775598 0.10471975512 0.157079632679 0.209439510239 0.261799387799 0.314159265359 0.366519142919 0.418879020479 0.471238898038 0.523598775598 0.575958653158 0.628318530718 0.680678408278 0.733038285838 0.785398163397 0.837758040957 0.890117918517 0.942477796077 0.994837673637 1.0471975512 1.09955742876 1.15191730632 1.20427718388 1.25663706144 1.308996939 1.36135681656 1.41371669412 
