range:1.46111539483 to 2.12828790469 
center: -3.89069831371 5.27303400636 -0.161312628305
a: 1462.88910979 425.619735911 -2167.86417403 -835.194854837 -339.873959916 -84.6834187012 130.195037623 
b: 0.00243298806781 0.00440553280922 -0.00150024016955 
c: -742.044172026 -231.792397241 1096.99038404 419.123246209 185.514935155 46.1597924394 -64.3486986337 
angles: 1.46111539483 1.50902377869 1.55685356858 1.60446408017 1.65172089733 1.69848881597 1.74461054419 1.79020523736 1.83540131823 1.87985072223 1.92460609317 1.96739720434 2.00918306698 2.04607486321 2.08499760855 2.12828790469 
range:2.12828790469 to 4.15277556075 
center: -4.60712726696 5.27153515171 -0.435050812122
a: -36.9603859803 -63.2580586088 -10.6307260144 -39.1619210445 -14.3600187762 -16.8061428786 -9.69045376019 -4.52457056829 -3.66106174497 -0.582366768638 -0.646007253854 
b: 0.00276387723013 0.00378760986178 -0.000509122318899 
c: 1890.8037808 3328.26997247 -14.4716687359 2253.35787993 -19.3966076382 1146.70341737 -14.5368002275 417.752480724 -6.86160282007 98.3523077445 -1.93508772665 11.4494644449 -0.252931726057 
angles: 2.12828790469 2.17367580527 2.22032006279 2.26815985659 2.31674148941 2.36568721886 2.41617612788 2.46705873141 2.52034837035 2.57575466952 2.63281042335 2.6915863183 2.75056907531 2.80966886185 2.8701454079 2.9294751771 2.9912929647 3.059339187 3.14005047788 3.22099380324 3.28985380984 3.3516338873 3.4111974172 3.4713884327 3.53033299062 3.58946653395 3.64809747746 3.70515443738 3.76066839582 3.81398526044 3.86486939278 3.91540151931 3.96424639678 4.012902971 4.06066629204 4.10737658353 4.15277556075 
range:4.15277556075 to 4.81891420524 
center: -5.3259216547 5.27302634716 -0.162832965492
a: -893.021370561 -241.775219808 -1327.59223136 516.578676509 -193.561722479 48.4159541605 81.9845810328 
b: -0.0049743926459 0.000471296513136 -0.00580327047561 
c: -755.106668702 -233.145681087 -1116.52412326 426.886903077 -186.497130238 46.3633396029 65.6427122675 
angles: 4.15277556075 4.19628226884 4.23528672031 4.27212956096 4.3150318924 4.35938564723 4.40349056233 4.44733733355 4.49195534663 4.5373730503 4.58293082078 4.62925865947 4.67602372357 4.72339220823 4.77088592972 4.81891420524 
range:4.81891420524 to 1.46111539483 
center: -4.6077246666 5.27611193223 0.400667045469
a: -0.128940434124 0.145507833493 0.517597263451 0.0879894923085 0.206875644556 -0.244744559805 -0.158966134789 0.232458509351 -0.000715469098916 -0.122001345476 0.0413555242677 0.0307596193202 -0.0246924874048 
b: -0.0015482846561 0.00194177815684 3.18890077227e-05 0.000626207339648 0.00120083867643 
c: -0.027397261741 0.0527201978143 0.000506326604968 0.132796281435 -0.000152423860792 0.0418339685187 -0.000501529689551 -0.0761312081948 0.000256002719513 -0.041795119519 0.000439304505677 0.0381998480494 -0.000301198705189 0.0117328792537 -0.000217243846232 -0.0372828584866 0.000457782075877 -0.00392689359136 8.05517976785e-05 0.0255597502707 -0.000399968837876 -0.00916660560134 0.000263199018522 -0.01570366986 0.000278059396099 0.0149455004949 -0.000566070163308 -0.00452445345958 0.000335222982357 -0.00318893987896 -4.85185633822e-05 
angles: 4.81891420524 4.86711851549 4.91568257405 4.96416262279 5.01303164781 5.06190937398 5.11091975938 5.16037934243 5.20912379263 5.25875244969 5.30915917884 5.3605443742 5.41280313341 5.46586488654 5.51940495118 5.57367714274 5.62857903461 5.68402479895 5.73906154389 5.79408319054 5.84977109013 5.90671499558 5.96547736684 6.02584915942 6.08726635942 6.14968919957 6.2133408932 6.28234165743 0.0681961921943 0.131908078897 0.194389857062 0.25586788172 0.316298247496 0.375124423696 0.432131608817 0.487884184671 0.542968416487 0.598065139418 0.653568226443 0.70852789651 0.762858531199 0.816458119027 0.869579393304 0.921898232842 0.973344345413 1.02381096927 1.07349893997 1.12230238591 1.17181892989 1.22088486091 1.26981889091 1.31779961865 1.36522272543 1.41307489865 1.46111539483 
