range:0-360 
center: 0.0125902969688 0.0106369542627
a: 0.00589531410209 0.004163928488 0.320980889999 -0.00515881348369 0.00432046425764 -0.00218539261483 0.0130819783947 0.00161517753961 0.00096671067891 -0.00120011221004 0.000244332965654 -0.00244023810217 -0.000109817601506 
b: 0.00591922837222 0.00416003965034 0.349358755651 0.00662715461427 0.00751475539479 0.00613814635613 0.0152927495775 0.00308133002587 0.00223372770675 0.0027444688676 0.00197043761403 0.00225772980081 0.00131926368248 
