range:0-360 
center: -4.05719137788 0.571252390742 -0.00278514784289
a: -0.00432407396695 0.00428540419114 0.133938105176 0.0031149979051 0.00323030245097 -0.00251685812105 0.00409873440637 0.000806115334895 -0.00128778915233 -0.00144881387802 0.00048175449743 0.000229556982942 -7.19726750293e-05 
b: -0.000426097038319 -0.0115559359526 0.00764282012279 0.000120678776113 0.000671379311891 
c: 0.00199748253681 0.143147665901 0.00428487620235 0.000764371571205 -0.00553109788539 0.00511259313231 0.00605124927166 -0.00118103416816 -0.00160578829069 0.000535003680735 0.00208192582644 0.000197500956656 -0.000579539886908 
angles: 0.0630087014848 0.223640783976 0.382972257667 0.541032743047 0.697855115369 0.853124600828 1.00653293689 1.15808358586 1.30747539765 1.45502974159 1.60104101587 1.7458899452 1.88987832171 2.03346187039 2.17715943292 2.32151171921 2.46728088099 2.6148219868 2.76533528262 2.91932078613 3.07431576032 3.23202686835 3.39015853098 3.54677055899 3.70317762555 3.86010007177 4.01886280219 4.17989648621 4.34322103276 4.50874495619 4.67585792482 4.84421914451 5.01324489645 5.18243891391 5.35167693611 5.52065151223 5.68891747553 5.85593475435 6.02116326766 6.18444332908 
