range:0-360 
center: -4.14344694614 1.97471405268 0.0952931254054
a: 0.0144565781352 -0.00189225068192 0.226527174503 -0.0141742629619 0.00873318738295 0.00634115942175 0.0155680190651 0.00193968674463 0.00246873339877 -0.00391112898304 0.000769777009155 -0.0016391355821 0.00042497970213 
b: 0.000814290026204 -0.00715923251135 0.0180801734931 -0.00156426247262 0.000296276119567 5.68211475619e-05 0.00117006127937 2.18554301912e-05 0.000128632498948 -0.000317867531633 -7.38556557554e-05 -0.000183887536429 -3.83843428732e-05 
c: 0.0124099515587 0.258637861124 -0.0018899930073 0.0160952977378 0.0147160185639 0.0165267662977 0.002546109987 0.00489046816375 0.00250406377837 0.000243714888807 0.00498613966973 0.00197177907525 0.00266476445708 
angles: 6.16917147773 0.0620124045801 0.233839488767 0.404912915443 0.577011503838 0.75252420925 0.932412819021 1.11562385716 1.29954853062 1.48113567625 1.65962436761 1.83607206863 2.01126551458 2.18337072253 2.3511001107 2.51483206829 2.67610247416 2.83462843192 2.98988964712 3.14039532577 3.28564661235 3.42644942677 3.56417411882 3.70028261387 3.83407207197 3.96454898407 4.09090905246 4.21368357754 4.33463351984 4.45638185134 4.58213364201 4.71463308893 4.85551123419 5.00474310341 5.16086466943 5.32184300874 5.48557009685 5.65043347155 5.81777665396 5.99135584363 
