range:0-360 
center: -0.00475671075494 -0.0260157497695
a: -0.00315827118189 0.00516186227187 0.135605132099 0.00167553555653 -0.0117687145282 -0.0034878899074 0.00378665882319 0.000589605309126 -0.00167296600812 -0.00110815082337 0.000829334335148 0.000535561545044 -0.000383750939402 
b: -0.013851884201 0.00516216545941 0.145093057566 -0.00464100932063 -0.0159379734779 0.00683937212929 0.00570288462998 -0.00237648086808 -0.00250382517142 0.00226761935014 0.00110932754567 -0.00116567835196 -0.000406367888974 
angles: 0.039695102633 0.162245672459 0.28562759063 0.41043020084 0.53713575428 0.66612983078 0.797858347902 0.932892418765 1.07177891255 1.21523283882 1.36416843692 1.51916502188 1.67999565283 1.84662830384 2.01881066747 2.19603212526 2.37695471573 2.56075620273 2.74648836628 2.93221628496 3.11550851402 3.29543112362 3.47385698191 3.6536489859 3.83560686119 4.01889705985 4.20197258277 4.38353522251 4.56285349196 4.73947046667 4.91199796186 5.0796134173 5.24154206794 5.3968695316 5.54514377456 5.68644218459 5.82135031888 5.950965508 6.07682754134 6.20037123672 
