range:0-360 
center: 0.013432829247 0.0322294106652
a: 0.00640937191594 0.00120779029459 0.29155134256 -0.00880232661574 0.016042114878 -0.00138025190394 0.0136659327023 0.00241153461553 0.00137228139175 -8.3176811549e-05 -0.0001925579144 -0.000609532961541 0.000233771998694 
b: 0.0179697955231 0.00120656429747 0.318785340839 0.00401497052582 0.0198949125008 0.00103650891929 0.0135673198112 -0.00237832871114 0.0024847171426 -0.000443219191653 9.51059876991e-05 -0.000561743224847 0.000866898445901 
