range:0-360 
center: -4.18879539371 2.31233770251 0.129264917364
a: 0.00633369359015 -0.00352475807223 0.237725611721 -0.00987100433935 0.0254464425176 0.00274441579402 0.0154440790893 0.00196841979623 -0.000819937530464 0.000581019693065 -0.00147566389492 0.00096455670541 0.00111168890405 
b: -0.000200629678658 -0.00749806148061 0.0190158242525 -0.00150538922868 0.00194962257727 -0.00013848530393 0.00134555342131 0.00010378920958 7.30931837527e-05 6.70595933992e-05 -8.99928279378e-05 3.37838229487e-05 0.000147305313849 
c: 0.0260061259667 0.266347624481 -0.00352788936768 0.0265621841338 0.00279060198107 0.0131711864113 -0.00429527530675 0.00195182245566 -0.00510625767587 -0.000768247526213 -0.00101303436897 0.00158582941172 -0.00217131965177 
angles: 6.23689205804 0.131759578646 0.312067356699 0.494341351252 0.677311428474 0.861044544376 1.04601712846 1.23122197668 1.41592629495 1.59897404764 1.77595734879 1.94227039041 2.100266804 2.25479604735 2.40466579483 2.54965155734 2.69154309075 2.82955407711 2.96117680505 3.08782231727 3.21165992875 3.33426121655 3.45621510549 3.57771441943 3.69872202793 3.81930357657 3.94024411897 4.06274025858 4.18884803731 4.32117894716 4.46260747787 4.61612031225 4.78381498681 4.96316710419 5.14752534178 5.33248047405 5.51586003792 5.69844654335 5.87998583439 6.05922971496 
