range:0-360 
center: -0.00611236549461 0.0138731945636
a: -0.00174278344296 0.00793146736459 0.155526264759 0.00323965345205 -0.00175857175723 -0.00165648570212 0.0142387169217 -0.000565802888776 0.00584546515995 -0.00428098187739 0.00722642804581 0.000421904300084 0.0024440028124 
b: 0.00839028196824 0.00795009375863 0.204138082768 -0.000204261081434 0.0185975231402 0.0142777301712 0.034424176059 0.00258149817846 0.014568784643 0.00842815251478 0.012962748884 0.00220324904602 0.00606380496906 
angles: 0.0195642837196 0.183185354301 0.352766212429 0.526775233055 0.701437953392 0.875364835259 1.04543292038 1.20925486436 1.3666286264 1.51872207544 1.66733247444 1.81459668838 1.96111091521 2.10627909332 2.24977738028 2.39200191818 2.53362453124 2.67553185924 2.81868537504 2.96397205164 3.11170739011 3.26064528643 3.4092929021 3.55747120352 3.70527710859 3.85253992324 3.99985564815 4.14946518758 4.30304061008 4.46102859126 4.62251823569 4.78601385175 4.95051033248 5.11688574934 5.28660671388 5.45973916791 5.63428812031 5.80718026326 5.97611737205 6.14064558595 
