range:0-360 
center: -4.1669165194 2.14327543974 0.119187196752
a: 0.0101859536936 -0.00465828690555 0.22033827322 -0.0115381598001 0.019701050253 0.0060833298447 0.009637264381 0.000571178307568 0.00102846746895 -0.00112768396764 -0.000898516489001 0.000846031213276 0.00123111387293 
b: 0.000218942812175 -0.00682420932746 0.0176625360631 -0.00156783004826 0.00132871979136 0.000262579150828 0.000854540838646 -4.23647854351e-05 0.000139459951922 -7.51040912533e-05 -0.00011819597838 4.25287618364e-05 0.000117765563216 
c: 0.0218368821592 0.238150675214 -0.00465483331961 0.0239702375068 0.0088294033171 0.0081770504072 -0.00323063553585 0.0032404561357 -0.00212559935165 -0.000540171598269 0.00172255545923 0.000915081336638 -0.000730592295658 
angles: 6.20147955402 0.0981094773201 0.278758519113 0.460770819793 0.645111115165 0.83133569708 1.01824872322 1.20510962323 1.39113098544 1.57449727647 1.75162205472 1.92182239541 2.08835619876 2.25176867915 2.41287677697 2.57263090654 2.72666897932 2.87211727825 3.00946597081 3.13987917859 3.2650239479 3.3867689175 3.50628846992 3.62428553554 3.74098969931 3.85658144583 3.97183952523 4.08817680563 4.20794082246 4.33406335741 4.46975997353 4.61774552532 4.77816725389 4.9478753324 5.12281507457 5.3006236373 5.47960816845 5.65988850108 5.84142329073 6.02213738483 
