range:0-360 
center: 0.0223881377617 0.0214640539205
a: 0.0105204655996 0.00059499160434 0.258352507027 -0.0119459792286 0.00895103608787 0.000157082113399 0.0150238175865 0.00186345852292 0.00318331601581 -0.000696224398295 -0.000396257606318 -0.00049864491817 0.000264149515154 
b: 0.0125949998381 0.0005944122134 0.287991462868 0.00909422989415 0.0162378216211 0.00134721759191 0.0146154904943 -0.000990069189546 0.00410800857341 0.000799420440393 -9.08410292616e-06 0.000379489371478 0.00063657562257 
