range:0-360 
center: -0.00471511472755 -0.0324092807491
a: -0.00405404756964 0.00979478530843 0.153615438677 0.0025906852668 -0.017939804631 -0.00825843390399 0.00774607371363 0.00206109414113 -2.97749867842e-05 -0.00141163515465 0.000822735494439 -0.000650869927883 -7.61699088791e-05 
b: -0.0180486336102 0.00979323412518 0.170331480525 -0.00551964196685 -0.0181558262634 0.0113284186295 0.00897130300101 -0.000876643759668 -0.000188012287069 0.00167126973707 0.000391895367046 0.000567769680555 -0.00012629288096 
angles: 0.0326698020768 0.154302660453 0.277732857958 0.402623991912 0.528196755585 0.654170008438 0.781256248097 0.911507849076 1.04683134783 1.18887803441 1.33873054689 1.49566984969 1.65818816092 1.82568712855 1.9995768658 2.18106022641 2.36876433669 2.55931877032 2.74923509315 2.93620156143 3.11958995789 3.30051804169 3.47978637549 3.65900501856 3.83969211532 4.02173767589 4.20645115536 4.39473159057 4.58346103016 4.76911237105 4.94912378481 5.12096245175 5.28291421684 5.43422717053 5.57565577841 5.70890581623 5.83560428916 5.95766396057 6.07713054693 6.1959785898 
