range:0-360 
center: -4.08244584799 1.11889111102 0.0271126507083
a: -0.00155089846501 0.0094765071054 0.175496202584 0.00434294187155 -0.00869047607244 -0.00899610039848 0.00653306794416 -0.0022312597323 0.0029400928683 0.000392650955757 0.00112248004934 -0.000719598507321 -0.000280955437258 
b: 0.000412067908315 -0.0151965570779 0.00969950973235 0.000495707983933 -0.000625356145183 
c: -0.00604122714673 0.190945729657 0.00947669018507 -0.00339022372438 0.00123918322484 0.00891153199237 0.0099547513798 0.00235069387467 0.0033491322157 0.00126567935019 0.00135669240009 -0.000292467929967 0.000451304409559 
angles: 0.0113288559947 0.159551810482 0.308019415596 0.456385775958 0.604115627839 0.751260173615 0.898565450885 1.04668487666 1.196055718 1.34679741544 1.49915985313 1.65396263069 1.81164118423 1.97208985622 2.13482557923 2.29942997196 2.46539675834 2.63193033743 2.7983856168 2.96478143783 3.13098654483 3.29658347075 3.46168338747 3.62646611449 3.79092634857 3.95477426252 4.11792443308 4.28054914593 4.44349203431 4.60710622876 4.77053210483 4.93278498686 5.09290662364 5.25019351772 5.40440301396 5.55587573593 5.70512566047 5.85288339884 5.99986803018 6.14689713941 
