range:0-360 
center: -4.0759452641 0.936149436235 0.0181276038929
a: -0.00325601429905 0.00922407851826 0.155140821814 0.00333660605148 -0.00339684787689 -0.00791185528126 0.0063853792673 0.00067875622795 0.000161157185564 -0.000693906525526 0.000927618657082 -0.000675328919871 0.000322499784821 
b: 5.35654251813e-05 -0.0134226482995 0.00850586218481 0.000385022317814 7.37594737739e-05 
c: -0.0029963289879 0.169267987467 0.00922440397987 -0.0025963016586 -0.00317502892195 0.00774102789141 0.0105377187011 0.000631414364342 0.000840136363348 0.000432899759652 0.00193222332948 0.000165760476524 0.000874951871671 
angles: 0.0377289512749 0.188880022491 0.33999990291 0.491057214481 0.64159726844 0.791134019271 0.939767681475 1.0879192633 1.23600143945 1.38426622733 1.53275020468 1.68179454802 1.83205358657 1.98420613943 2.13871293667 2.29569497248 2.45499890737 2.61620142636 2.77873380526 2.94187970233 3.10507349081 3.26818759292 3.43126589245 3.59390711928 3.75624931346 3.91885732161 4.08189514639 4.24539997109 4.40944959145 4.57404178926 4.73884445014 4.90337455626 5.06715649344 5.22985442865 5.39104727932 5.55054321046 5.70806093526 5.86362871474 6.01740072623 6.16957100591 
