range:0-360 
center: 0.0157140927986 0.0472827275231
a: 0.00636731845817 -0.00363596524785 0.23833258758 -0.00995327994297 0.0254987822916 0.00283207103911 0.0153308123994 0.0020270886547 -0.000836962837426 0.0006104171956 -0.00151265024824 0.000955414402632 0.0011173888885 
b: 0.0260420523857 -0.00363905401673 0.266661110271 0.00277552989515 0.0265815158858 -0.00442999159643 0.012991011365 -0.00514475505123 0.0019360251465 -0.00102926609512 -0.000798628344375 -0.0021586346657 0.00158054568716 
angles: 6.23676763977 0.132160481454 0.313086600601 0.49599291978 0.679521108054 0.86366302407 1.04883847777 1.23400975914 1.41844955871 1.60104293066 1.77746153686 1.94319438528 2.1006540161 2.25472357598 2.40425073031 2.54903100447 2.69085830275 2.82894206751 2.96075360014 3.08767871152 3.21186546495 3.33486512946 3.45724336874 3.57916839286 3.70057778667 3.82151435789 3.94274471729 4.06544958092 4.19166996069 4.32400021723 4.46529392926 4.61851648311 4.78575471484 4.96451416434 5.14822817713 5.33258726419 5.51550454582 5.69781937561 5.87931091438 6.05873179032 
