range:0-360 
center: -4.21808280349 2.65208202004 0.132142937381
a: 0.00630781139455 0.00090631212098 0.289781085083 -0.0106914267294 0.0212382768825 -0.00274207915283 0.0132165375089 0.00362310413314 0.00161467212236 0.00137089488751 0.000989594582967 -5.92363586304e-05 -0.000481293897947 
b: -0.000101187599938 -0.00851029090249 0.023038602304 -0.00148169897885 0.00163820739928 -0.000590073267784 0.00107735073077 0.00027698465651 0.000268117743252 0.000123268728472 0.000141487845449 1.19590640287e-05 4.5975735341e-06 
c: 0.0222604004373 0.316715390007 0.000910155041841 0.0232781616344 0.00192282372088 0.0137222918753 -0.000939424719915 0.000420765105445 -0.00515173051832 -0.000522914327142 -0.00231646363929 -0.000614815076503 -0.00158366861389 
angles: 6.24760511158 0.137861151598 0.312734867537 0.488188533438 0.663954079503 0.840333896093 1.01739770382 1.19336887434 1.36688737929 1.53818510262 1.70908077558 1.87794120522 2.04071399407 2.19727492718 2.34900711057 2.49659410205 2.64032280831 2.78080221065 2.91855917983 3.05435336623 3.18874349227 3.32224316093 3.45523533183 3.58788061669 3.72044984709 3.85340766046 3.98740300369 4.12302132809 4.26126316287 4.40331321547 4.54995411658 4.70164519926 4.85982316829 5.02536372834 5.19744065418 5.37368230807 5.55069794589 5.72693107517 5.90166382827 6.07500945937 
