range:0-360 
center: 0.0301936572351 -0.0173017377184
a: 0.0128772726903 0.00711341865602 0.240541353798 -0.00928782680038 -0.0167856180573 -0.00560459162977 0.0097295599119 -0.0034987081783 0.00807590237765 -0.00186469782918 0.00138792339562 -0.000145249680856 -0.000171777371742 
b: -0.00835909450752 0.00710521657538 0.265458376209 0.0164431454031 6.27765131151e-05 0.00858703881689 0.0151581845918 0.00363390667535 0.00872521248749 0.001132073177 0.00401592859557 0.000125797087816 0.000940936621473 
angles: 6.1738547554 0.0452265022787 0.198457314935 0.350641211213 0.504554251032 0.660985116885 0.820575163625 0.983039847851 1.15028242066 1.32329209312 1.50062214203 1.6796721203 1.858278444 2.03585682253 2.21254744844 2.38886790764 2.56414329109 2.73771012385 2.90958201408 3.07988027933 3.24867189184 3.41587547242 3.58059480499 3.74257493849 3.90176293583 4.05722427137 4.21049415101 4.36239630197 4.51105465316 4.65565757763 4.79643918109 4.93257437369 5.06426733151 5.19288205696 5.3202364755 5.44851834905 5.5802681095 5.71819570676 5.86443047311 6.01814200853 
