range:0-360 
center: -4.27303043008 3.33233807087 0.120245851297
a: 0.00587926628422 0.00430352021125 0.320154973478 -0.00513981730967 0.00431874576937 -0.00230175011557 0.0132692098936 0.00161280688061 0.000949680163374 -0.00122056398475 0.000268879381049 -0.00243299323787 -8.92998030433e-05 
b: 0.00030771343507 -0.0091135938467 0.0253641511918 -0.000612354289339 0.000164533733862 -0.00060397164979 0.000885341322041 6.76191544129e-05 -7.99191751833e-06 -0.000151298051261 -5.36980873718e-05 -0.000229522691622 -6.84702606313e-05 
c: 0.00591213684495 0.348956397849 0.00429963174383 0.00750232536529 0.0066140564397 0.0155290901122 0.0063009720671 0.00224010715723 0.00308484230171 0.00199912993097 0.00277087816705 0.00132381996295 0.0022643460698 
angles: 6.25036210727 0.129337682478 0.290929498532 0.4529248974 0.615571545187 0.779022371943 0.943279075255 1.10803835905 1.27292632789 1.43757869019 1.60177257376 1.76520899973 1.92788919062 2.08914362379 2.2486995889 2.40672303364 2.56307501084 2.71796372587 2.87196912532 3.02524463998 3.17756235212 3.32897497132 3.47968509737 3.62991465929 3.77961575114 3.92874630461 4.07759264544 4.22633769216 4.37500225571 4.52405587209 4.67385189945 4.825036178 4.97830968725 5.13369086844 5.29032347493 5.4475019539 5.60511948845 5.76471669503 5.92572983897 6.08770276636 
