range:0-360 
center: 0.0122786455518 0.020339149987
a: 0.00592221742498 0.00406586763192 0.319835325392 -0.00693645265727 0.00828198661084 -0.00310058181426 0.0132230053736 0.00240205078616 0.00219292081436 -0.000978489011171 -0.000214594613943 -0.00183014748266 7.55281427412e-05 
b: 0.0111472305099 0.00406351714873 0.346924984314 0.00490558212195 0.014008525172 0.00503032817875 0.0138652668136 0.000368863120917 0.00353851178706 0.000941140954682 0.000860003012931 0.000953034716539 0.00123446946095 
