range:0-360 
center: -0.00846126347336 -0.00486290308091
a: -0.00373991792021 0.00361903476183 0.143723090325 0.00262066749921 -0.00322721687991 0.000565409722499 0.0083115558186 0.000598464280546 -0.000263248535978 -0.00314331531338 0.00254354425025 0.000806454474665 0.000448603302627 
b: -0.0029502510783 0.00361960787078 0.165886083081 -0.00484975321737 -0.0026793763835 0.00780741002734 0.0138483061459 -0.00162456433439 0.000797964468795 0.00522744739145 0.00299311532726 -0.000196311879254 0.000676489982564 
angles: 0.0466332798903 0.198313776315 0.351371794248 0.503864504017 0.654610788696 0.803272068804 0.950126780461 1.09582707896 1.2411299446 1.3867905666 1.53350090475 1.68180580088 1.83168009541 1.98285245801 2.13530934099 2.28963836179 2.44610637214 2.60492873973 2.76632533175 2.93011721252 3.09539049581 3.25993542179 3.42284974828 3.58527749124 3.74799619546 3.91181277484 4.0773632184 4.24449676658 4.41226341281 4.57962245448 4.74595721454 4.9114985978 5.07659213899 5.24060190479 5.4024397433 5.56213810226 5.71977592293 5.87501402763 6.02799527818 6.17923503544 
