range:0-360 
center: -0.00528825326792 -0.0306413119599
a: -0.00382429742592 0.00696769352815 0.144748621302 0.00210465680749 -0.0148804858463 -0.00496725205567 0.00488595517504 0.00123295658552 -0.00102175920417 -0.00141933094337 0.00117582602091 0.000174325496297 -0.000755233448208 
b: -0.0165614184436 0.00697089119295 0.156870670083 -0.00554710371877 -0.0182447152214 0.0089726183876 0.00723713561125 -0.0022093441413 -0.00235415842209 0.00262445698711 0.00119571535567 -0.000699880971632 -0.000547946735825 
angles: 0.041164699018 0.160347442802 0.281051641099 0.403333646736 0.527145497592 0.652625041388 0.780285115661 0.911476121773 1.04751071515 1.18964021544 1.33897626347 1.49567905334 1.65876513359 1.82738071148 2.00038160445 2.17865665316 2.36286336896 2.55152636032 2.74146288495 2.93004144523 3.11520311936 3.29664802354 3.47641291723 3.65733316932 3.84093591937 4.02581165249 4.21100256505 4.39546318526 4.57988643496 4.76256255289 4.93983630996 5.10963568208 5.27215876742 5.42670286974 5.57259817537 5.71049945021 5.84134904441 5.96628930005 6.08712571226 6.20595490178 
