range:0-360 
center: -0.000936648490309 -0.0401833236537
a: -0.000231560468923 0.000212705115853 0.22515692327 -0.00348265529478 -0.0273577302315 0.00124099306834 0.0214660557743 0.00537333563988 0.0019792651748 -0.00128257708482 -0.00156600361098 -0.00112048743388 0.00216489768841 
b: -0.0235981683648 0.000215422034887 0.266392635739 -0.00394725581187 -0.0198314678041 0.00165681460952 0.0197548848732 -0.00207170633057 0.00553469600763 0.00160921254887 -9.04606138509e-05 0.00224681933312 0.00149833221293 
angles: 0.00373079917719 0.135682523764 0.266677811681 0.395880844846 0.523240305132 0.650610348861 0.780520119302 0.916091259394 1.05913584293 1.21058385412 1.36999187312 1.53643286772 1.70933293526 1.88756943247 2.06849788045 2.24891487837 2.42815500973 2.60651190656 2.78439761721 2.96194271635 3.13870204981 3.31520706818 3.49144186401 3.66755392364 3.84457166423 4.02441136047 4.21034243186 4.40186747441 4.58995001107 4.76351334621 4.92408994283 5.0752097254 5.2194869544 5.35903634965 5.49540916091 5.62975894772 5.76254194843 5.89414888003 6.02482211558 6.15548298401 
