range:0-360 
center: -0.00134335524017 -0.0524299421373
a: -0.00319525800734 0.0105026661718 0.224666021656 0.00607415498325 -0.036857796503 -0.00961188011586 0.0153022065526 -0.0021913135193 0.00665260284615 -0.000193645924757 -0.000189827286999 -0.00106673558312 0.000142021167245 
b: -0.0301491777311 0.0105054770076 0.256319952397 -0.000320760930112 -0.0234435142922 0.0113846993363 0.0163008936597 0.00357988920554 0.00672855069069 0.00164955950929 0.00128849637365 0.000438885218383 0.000116042141253 
angles: 0.00591554246388 0.127863710853 0.251256031413 0.374267815594 0.49664722176 0.619138055684 0.742178790384 0.867458199937 0.998118656486 1.13772313607 1.2891395556 1.45448780601 1.63357792327 1.8225283576 2.01549815888 2.20775465643 2.39688844934 2.58337457233 2.76917742236 2.95393914737 3.13740013142 3.31968985755 3.50141808222 3.68299878011 3.86456963717 4.0455342487 4.22861460821 4.4164982029 4.61139231856 4.80982954482 4.99704241009 5.16954456706 5.32701717597 5.46873809604 5.59694967603 5.71559799843 5.82882331691 5.94041441412 6.05362919902 6.16994832494 
