range:0-360 
center: -4.10346572399 1.2953465879 0.0304416617496
a: 0.00765350697616 0.0106757381472 0.206411931604 -0.00269089756848 -0.0157063429452 -0.00891900854559 0.00865910224127 -0.00368805051567 0.00434158721213 -0.00051622452198 0.00173284376711 -0.00131154225717 -0.000609627019139 
b: 0.000930295968641 -0.00528208131964 0.0161387148172 2.1224638864e-06 -0.00159153421547 -0.00101385353624 0.0003531300545 -0.000385285849367 0.000178033554538 -6.26179463578e-05 5.73142295459e-05 -9.08894327627e-05 -8.32727351248e-05 
c: -0.0118519039781 0.226279131001 0.010676204246 -0.00798138810931 0.0126017815921 0.0112186295691 0.0124004947741 0.00338630902018 0.00618169565465 0.000794459413105 0.00297436628741 -0.000498019076398 0.00128245581426 
angles: 6.18763488582 0.054215660401 0.2045399551 0.355065847089 0.504561710957 0.652446983831 0.801673376947 0.955386043516 1.11515985628 1.2811016713 1.45240194124 1.62743140933 1.80506667483 1.98442180474 2.16463877866 2.34423075421 2.52238174804 2.69892327964 2.87440231561 3.04795142523 3.2192683503 3.38945791518 3.55924264591 3.72801547927 3.89393958018 4.05702184671 4.21809590417 4.3775689591 4.53473618036 4.69059083863 4.84394106494 4.99040534318 5.12892584287 5.26128421932 5.38966458199 5.51614765718 5.64273635783 5.77140844689 5.90406324232 6.04248304951 
