range:0-360 
center: 0.0134599330858 0.0409566151635
a: 0.00633567919891 0.000768993082503 0.290527431918 -0.0107573594301 0.0212789473555 -0.00262986733429 0.0130463464773 0.00366331997149 0.00161529527907 0.00139416471422 0.00097282351579 -5.97816397246e-05 -0.000498016104325 
b: 0.0222894909107 0.000772829819264 0.317077110491 0.00191260223489 0.0232956710544 -0.00110189087596 0.0135078616951 -0.00518762856705 0.000396993229387 -0.00234367594697 -0.000547406694785 -0.00157779829641 -0.000619524738707 
angles: 6.24750861246 0.138281987363 0.31375645989 0.489819515467 0.666127336563 0.842915844792 1.02020280017 1.19618300962 1.36950185034 1.5404228151 1.71080855205 1.87909115189 2.04129831077 2.19736303518 2.34870519151 2.49603299566 2.63964501536 2.78014941534 2.91806268114 3.05412745296 3.18887973554 3.32280629207 3.45626015617 3.58936952769 3.72237356412 3.85570773689 3.98999486523 4.12579799482 4.26410001446 4.40607259951 4.55249237606 4.70382402286 4.8615209512 5.02649319184 5.19797411053 5.37367152973 5.55027460469 5.72628121066 5.90099861776 6.07453727437 
