range:0-360 
center: 0.0340800255906 0.0224690327576
a: 0.0144918044957 -0.00198330557553 0.227103696148 -0.0142271242963 0.00873275722412 0.0064228037379 0.0154935719108 0.00195879054877 0.00249524185753 -0.00391763479339 0.000706851877398 -0.00164790814032 0.000408957225582 
b: 0.0124216566098 -0.00198108688493 0.258956679018 0.0147338576566 0.0161187549234 0.00244578319923 0.0163435834915 0.00248748490535 0.00488792816764 0.00495823229801 0.000196640534231 0.00266154256737 0.00195640200097 
angles: 6.16888390607 0.0621933658049 0.234584726147 0.406258682821 0.578929523136 0.754923264982 0.935136527641 1.11846083625 1.30226406014 1.4835163452 1.66151025705 1.83736865635 2.01195005213 2.18349968064 2.35079360705 2.51424841287 2.67541786909 2.83402158948 2.98952196 3.14039197844 3.28608775637 3.4273728472 3.56558130275 3.70214333675 3.8363221664 3.9670982648 4.09365285323 4.21651479573 4.33744782515 4.45907705136 4.58460584562 4.71677593399 4.85722317577 5.0059449628 5.16152181153 5.32198124068 5.48527925801 5.64985697663 5.81709204117 5.99076548314 
