range:0-360 
center: -4.24661141634 2.99201132655 0.130435128545
a: 0.00590356760451 0.00398133571526 0.318380359894 -0.00878700704035 0.012238331803 -0.00392859705733 0.0135658676854 0.0033267979058 0.00327804875388 -0.000756365918146 -0.000737195227892 -0.00115738836389 0.000230335446346 
b: 2.91921815138e-05 -0.00901693563348 0.0252315764324 -0.0012488912117 0.000892218711205 -0.000651324863299 0.000970420655483 0.000135624495972 0.000327276167252 -5.10709735964e-05 -4.04020647136e-05 -0.000126272282387 2.44740026226e-05 
c: 0.0162617225801 0.344443110373 0.00398045004947 0.0202801446314 0.00301909747101 0.0124977120529 0.00403199081096 0.00476694913727 -0.00244980503038 -0.000337490648727 -0.000674335400071 0.00126013803796 -0.000226896600905 
angles: 6.25345651766 0.138686443139 0.307749663772 0.47742890809 0.647587491167 0.818241721964 0.989321278611 1.1601135817 1.32945129819 1.49675563306 1.66189599263 1.8256540414 1.9870963642 2.1451190563 2.29991620216 2.4519416144 2.60148122903 2.74873716832 2.89408456646 3.03759661227 3.17952395937 3.32050529574 3.46123606798 3.60210099496 3.74333993898 3.88497256556 4.02684615855 4.16925965286 4.31268265245 4.45769566308 4.60498485106 4.75655812236 4.91385789373 5.07580359845 5.24069268099 5.40747421894 5.57580417236 5.74527860967 5.91511078727 6.08474051157 
