range:0-360 
center: -4.0861012578 1.21054020226 0.0279416653793
a: -0.00106997987164 0.00993564203733 0.191329774534 0.00448058163812 -0.0127569523894 -0.00913856370799 0.00692711111929 -0.00307318610695 0.00361702652922 0.000244814775725 0.00177014906532 -0.000443884386993 -0.000471727610093 
b: 0.000740609032359 -0.0166333156523 0.0106060124088 0.000734328971543 -0.000972735365924 
c: -0.00961323480897 0.208679771044 0.00993616708678 -0.0064663439133 0.00233591808477 0.0104143455002 0.0107248330569 0.00265984703807 0.0037355896362 0.00172682828531 0.001847797312 -0.000481086417466 0.000314732885563 
angles: 0.00206656807031 0.146432132363 0.291449093791 0.436396654523 0.580527889499 0.724213367459 0.868428764788 1.01411685766 1.1622660143 1.31320965541 1.4671514046 1.62458226924 1.78582143393 1.95051937689 2.11796120366 2.28754927196 2.45821074691 2.62902489967 2.79969162851 2.97007661423 3.13977117053 3.30851604901 3.47678832437 3.64471955284 3.81209339662 3.97842298445 4.14359351915 4.30788205022 4.47206340409 4.63669654292 4.80197203994 4.96544255612 5.12473587121 5.27912081403 5.42880249907 5.57455341433 5.71750408373 5.85899863448 6.00018431 6.14204204207 
