range:0-360 
center: 0.0199359651673 -0.0239557631474
a: 0.00765697786628 0.0106006964701 0.206969469946 -0.0026666149836 -0.0157415393119 -0.00886815816543 0.00851517996169 -0.00373891960568 0.00436589858064 -0.000499498784343 0.00173322870608 -0.00129216880443 -0.000623132491546 
b: -0.01187026722 0.010601238639 0.226534659653 0.0126331504714 -0.00798296369265 0.0123015804661 0.011060523771 0.00618693912973 0.00339564573631 0.0029384779753 0.000778615867372 0.00125496596625 -0.000499237023849 
angles: 6.18738944302 0.0543730728813 0.205184297106 0.356236766166 0.506247205766 0.654588229852 0.804180210818 0.958136567645 1.11799682307 1.28383977736 1.45484833017 1.62941608076 1.80647092128 1.98519887358 2.16482391898 2.34393935219 2.52178941372 2.69823906531 2.8738420285 3.04771041983 3.21949732488 3.39025190247 3.56063271684 3.72996251686 3.89633821155 4.05972349463 4.22092832057 4.38035271391 4.53730359951 4.69279971417 4.84569077762 4.99165742216 5.12969282735 5.26160909739 5.38961013867 5.51579159232 5.64216943331 5.77073437714 5.90339933631 6.04195952432 
