range:0-360 
center: -4.08707317114 0.954520168901 0.0296154180222
a: 0.00330783101183 0.00930884990073 0.155856723237 -0.00286070233851 -0.00742325931107 -0.00782890058018 0.00699667911796 0.000364902191142 -0.00040998126806 -0.000978817455977 0.000883894026339 -0.000880496268418 6.88563692187e-05 
b: 0.00047718786272 -0.00389048435936 0.0121522269373 -1.09644442689e-06 -0.000692454346775 -0.000841498040902 0.000264608964664 4.32378732692e-05 -6.62781229225e-05 -8.25644360983e-05 1.67299157059e-05 -6.34833892099e-05 -1.49344894426e-05 
c: -0.00789433580884 0.170910257097 0.00930617327268 -0.00836192622654 0.00375104116036 0.0080597452884 0.0107847924482 -0.000523905714487 0.00124155081458 0.000172235458488 0.00197835741781 -0.00024300584929 0.000753612870328 
angles: 6.22448424555 0.0877481355184 0.236252204938 0.385633564947 0.534871901148 0.684031647128 0.834627293505 0.988404873705 1.14600795823 1.30714969859 1.47093382646 1.63682815709 1.80570049567 1.97786716717 2.15258564622 2.32840684715 2.50386270797 2.6778546575 2.84984743032 3.01997873453 3.1885595968 3.35543658074 3.52172588086 3.68872191552 3.85554478522 4.02137622843 4.18611603037 4.34994144265 4.51162597697 4.66949243343 4.8228841017 4.97170877564 5.11649129555 5.25763961406 5.3959411204 5.53235954481 5.66795771525 5.80388938421 5.94129402127 6.08121141601 
