range:0-360 
center: -0.0029910293603 -0.0388362283589
a: -0.00366236306553 0.0104811013103 0.172993410406 0.00430046914893 -0.0236542087482 -0.0106567899784 0.00954366490838 0.000163243621233 0.0025558532382 0.000745309498904 0.000312405884362 -0.00136271837239 -0.000582343332469 
b: -0.0217837148258 0.0104840534629 0.193192021883 -0.00303120233259 -0.0199050192097 0.0103044084089 0.0106367225263 0.00144577641456 0.00117612553285 0.00043894124086 0.000837240721743 0.000316076049343 -0.000741577998655 
angles: 0.0181937346589 0.138581421984 0.260912999586 0.385080955022 0.510235532532 0.635478530042 0.761623803212 0.890791896287 1.02545841694 1.16754426976 1.31811003528 1.47682696591 1.64288585285 1.81703965745 2.00017132565 2.18941294244 2.38072490578 2.57179021342 2.76037701177 2.94575798786 3.12937406833 3.31101974708 3.49205947169 3.6734734807 3.85471501088 4.03517223239 4.21610102137 4.40292435716 4.59703197252 4.79245011822 4.97966870809 5.15265231809 5.31048715778 5.45496869593 5.58868257158 5.7141577716 5.83402423927 5.95065391391 6.06640592781 6.18292014904 
