range:0-360 
center: -4.08959745169 1.30206843913 0.0303495689062
a: -0.000464051713039 0.0106823437414 0.207496845741 0.00441192390422 -0.0171623965867 -0.00948354519682 0.0087705215622 -0.00291900032201 0.00483612913923 -5.25770228655e-05 0.00204262572389 -0.00105608106027 -0.000415347699306 
b: 0.00101504984484 -0.0182127933079 0.0115073257974 0.000810152531162 -0.00133876827624 
c: -0.0124226220128 0.228379728917 0.0106840387137 -0.00767493858975 0.00347710567484 0.012105283133 0.0118623515067 0.00463375788803 0.00495250081686 0.0012879739859 0.00235995640018 0.000179268587319 0.00110396119057 
angles: 6.27652397003 0.135960296384 0.279316819321 0.422655690607 0.564746647634 0.705840050579 0.847667273777 0.991862324814 1.13955327456 1.29151996578 1.44799371796 1.60854999932 1.77275835654 1.94034827295 2.11117284047 2.28395898063 2.45749210759 2.63095293249 2.8037157639 2.97586862865 3.14747948895 3.31804824442 3.48769673788 3.65703107498 3.82574335338 3.99307588719 4.15926217627 4.32511243839 4.49075945759 4.65640355003 4.82329108688 4.9870718052 5.14442619059 5.29553224411 5.44138137006 5.58307979081 5.7219305659 5.85936628117 5.9967751764 6.13555284659 
