range:0-360 
center: 0.0186517573355 0.0321958299776
a: 0.00862115757249 -0.000724465059869 0.268807765732 -0.0101618779917 0.0161740940551 0.00165244894597 0.0131685921412 0.00163513483574 0.00134130779884 -0.000982387495003 -3.74820268053e-05 -0.000377082260665 0.000319865650389 
b: 0.018178872208 -0.000724383094021 0.29500533234 0.00707868762406 0.0201832895922 0.000204049468663 0.013026294151 -0.00144689357373 0.00266838506073 0.000869501951113 -9.96309673739e-05 -0.0002043557011 0.00101110507696 
