range:0-360 
center: 0.00262683827746 -0.0165507447021
a: 0.000698339597094 0.00466970031859 0.136359613456 -0.00163349608352 -0.00632005966989 -0.00317092075074 0.0035662265473 0.000271660412341 -0.00179336769569 -0.00104080356274 0.000760258370686 0.000402056080007 -0.000445060794128 
b: -0.00864572742936 0.00467038180481 0.14537325969 -0.000238112299691 -0.0109729779882 0.00617199400538 0.00544820729177 -0.00160387864913 -0.00286454893636 0.0019711276355 0.00112421737842 -0.000878000712463 -0.000610458313755 
angles: 6.26274629221 0.117724626041 0.257703995554 0.399544815738 0.543087904683 0.688381459329 0.835572937029 0.984823356264 1.13652921602 1.2910937673 1.44904535516 1.61013018331 1.77451130738 1.94202739919 2.11242519736 2.28512128053 2.459575358 2.63509176056 2.81049993757 2.98454628415 3.1565139374 3.32719534179 3.49849353956 3.67103631224 3.84431867624 4.01704719916 4.18795967048 4.35612976704 4.52111986722 4.68293663075 4.84122261255 4.995735755 5.14669185726 5.29410870109 5.43814830694 5.57917530714 5.7177135878 5.85445427383 5.99025163035 6.12606312218 
