range:0-360 
center: -0.00653638306722 -0.0150821661011
a: -0.00324564684105 0.00320271748262 0.135480141719 0.00190729910954 -0.00723531254844 -9.48322699667e-05 0.0060669728736 0.000595782428932 -0.00113090379194 -0.00228557773097 0.00113912896813 0.000473642431415 -0.000139657728095 
b: -0.00842185406206 0.00320264670946 0.150443034115 -0.00457798175779 -0.00961481558152 0.00631115613866 0.00889910815204 -0.00207905104446 -0.00125459592369 0.00393954584093 0.00170900002022 -0.000936061378178 8.37157958413e-05 
angles: 0.0455266513427 0.185328072977 0.325030866222 0.463904197711 0.601926715201 0.739387529098 0.876921123453 1.01545431134 1.15632475011 1.30041140786 1.44857157199 1.60109955251 1.7577096074 1.9175617254 2.08013033065 2.24518684781 2.41286249711 2.5831012374 2.75581476834 2.93030454004 3.10466676949 3.2770234066 3.44764017814 3.61843876802 3.79098517515 3.96520092739 4.14047122439 4.31540152139 4.48812091 4.65764780854 4.82432116588 4.98849964503 5.14979543379 5.30816796553 5.46351970239 5.61557313494 5.7642720289 5.9087641487 6.04979002207 6.18932032322 
