range:0-360 
center: -4.04943675995 0.273043850064 0.0356998823147
a: -0.00251222527686 0.00656693278213 0.154104174945 0.00250568840437 -0.00224145840464 -0.00170383553086 0.0123946445465 7.59801238652e-05 0.00439870970296 -0.00397365984774 0.00615023977312 0.000477868895292 0.00187947333965 
b: -0.000340834690108 -0.00476624497253 0.0120867693264 -0.000143803981589 -0.00011066962032 -0.00091315284223 0.000675855378361 -0.00027940374574 0.000346267050234 -0.000591452164631 0.000331632024163 -7.49490670784e-05 0.000133847589678 
c: 0.00519925978186 0.195175507607 0.00657458321855 0.0126661366828 -0.00249932484175 0.0286934950589 0.0114625365278 0.0105339233425 0.000141055039724 0.0101552185705 0.00582558298923 0.00416935115288 0.000580790639728 
angles: 0.0260477751772 0.188251585161 0.354308057319 0.522212556988 0.690200129995 0.856708497651 1.01976608475 1.17825961551 1.33239299823 1.48296420039 1.631429814 1.7792675182 1.92675735975 2.07353044212 2.2194093375 2.36475020458 2.51014566299 2.65633100959 2.80406321197 2.95392570307 3.10574665053 3.25791702145 3.40952747941 3.56081235796 3.71212423024 3.86339975906 4.01509454848 4.16908693546 4.32661013007 4.48773710215 4.65150798659 4.81672094226 4.98284856325 5.15027130611 5.31943921456 5.48965217981 5.65906621132 5.82579330968 5.98902445225 6.14955114431 
