range:0-360 
center: -4.05863310099 0.443809898943 0.0201543327653
a: -0.00151762222826 0.00300168733172 0.135481293049 0.00013611628155 -0.00478346187334 2.9757239154e-05 0.00578156156483 0.000829698418265 -0.00120128013662 -0.00229237079472 0.00108235750561 0.000344596593628 -0.000218876691504 
b: 4.60298912592e-05 -0.00382041630552 0.0107014208602 0.000214958927328 -0.000302215734298 -0.000229043755175 0.000296632437136 0.000108078905727 -4.31762583972e-05 -0.000228072083151 -1.62447329435e-05 2.99074214668e-05 1.77340329218e-06 
c: -0.00615594712019 0.149800021631 0.00300185334229 -0.00753283139116 -0.00289644305962 0.0085399901416 0.0060340007885 -0.00155160699178 -0.00193500486875 0.00168388636705 0.00377840043988 -9.15084028944e-05 -0.000708472264186 
angles: 0.0198327601069 0.164117405886 0.308475609095 0.4525336725 0.59636712353 0.740210566038 0.884543566945 1.03012156899 1.17778844126 1.32816398077 1.48162633169 1.6380047095 1.79681370356 1.95757110227 2.12002928787 2.28427820168 2.45019713261 2.61783305572 2.78684754084 2.95632713239 3.12497430331 3.29211559752 3.45846598987 3.62541779943 3.79361156661 3.96282816855 4.13248948246 4.30153514908 4.46863413408 4.63306381161 4.79491085372 4.95470979407 5.11249594341 5.2681559091 5.42186996808 5.57347561645 5.72301408154 5.87027452746 6.01525123232 6.15911360094 
