range:0-360 
center: -0.00176629390442 -0.0491878657051
a: -0.00372883478736 0.0118057972471 0.201376961264 0.00534365582476 -0.0318011952061 -0.0115867613294 0.013156062778 -0.000441970181327 0.00429499865551 0.000438165618971 0.000505362651991 -0.00161143003988 -0.000910999563834 
b: -0.028044571076 0.0118150220683 0.228788106815 -0.00212023781961 -0.0242730828637 0.0120083400658 0.0142306929549 0.00279487383286 0.00319288536374 0.000958673154565 0.000598920272138 0.000849302922763 -0.000111010894364 
angles: 0.00904387430498 0.127484220038 0.248107413482 0.370412891977 0.493003851189 0.615073215469 0.737468919948 0.862834716853 0.994003348273 1.13389674814 1.28460944785 1.44748169534 1.62213833505 1.80567775835 1.99494774649 2.18788983597 2.38274802154 2.57551799909 2.76495998899 2.95099955349 3.13551400725 3.31855208538 3.50057305626 3.68328341586 3.86596567225 4.04831004938 4.23275551421 4.42114220979 4.62084967166 4.82665557024 5.01653534856 5.18806605826 5.34263898819 5.48218509347 5.61009236059 5.72932239733 5.84286664683 5.95352559053 6.0639615479 6.17653954722 
