range:0-360 
center: 0.00925450473791 -0.0155493151788
a: 0.00330627040125 0.0092554803009 0.156282443105 -0.00285360277205 -0.00745476175081 -0.00779948779175 0.00688525697111 0.000360315758112 -0.000393069886992 -0.000961249118706 0.000880451510123 -0.000885816574671 6.24351299447e-05 
b: -0.00791196701303 0.00925283822548 0.171101314665 0.00375507839685 -0.00836568973483 0.0107075404075 0.00793647604075 0.0012483063847 -0.000513040966659 0.00194597189806 0.000163825782605 0.00074956942842 -0.000241717599211 
angles: 6.22432818108 0.0880084388761 0.237005796062 0.386911919549 0.536656525768 0.686259378147 0.837198685756 0.99118774828 1.14884106484 1.30985528094 1.47333833501 1.63878436343 1.80710255211 1.97866696995 2.15280759886 2.32815120425 2.50329234777 2.67716995583 2.84925717624 3.01967438251 3.18869526953 3.35611281914 3.5229849505 3.69054592247 3.85785022847 4.02402547933 4.18893669286 4.35274631184 4.51423502573 4.67175710225 4.82470160283 4.97302612106 5.1173014107 5.25797610968 5.39586983798 5.53197104122 5.66736092638 5.80320635612 5.9406551006 6.08074972429 
