range:0-360 
center: -4.07912316322 1.02738818824 0.0242726497469
a: -0.00230162428984 0.0096392556048 0.162473770937 0.00345417296925 -0.00529349057185 -0.00871965687086 0.00658105305878 -0.000237937199439 0.00150475688937 -0.000385838710263 0.000658948175165 -0.000844494726434 0.000263827242461 
b: 0.000163537632793 -0.0140314667275 0.00890847049609 0.000337188476752 -0.00021466669472 
c: -0.00361787072738 0.176942612537 0.00963934356883 -0.00194227869695 -0.00114935574991 0.00788663944899 0.0105591208291 0.00184095488011 0.00206685300994 0.000650227023396 0.00145323809439 8.69568654755e-05 0.00100675261859 
angles: 0.0235602556558 0.174467983656 0.325428574331 0.476238022897 0.626543218216 0.7761749034 0.925385518813 1.07461122243 1.22420803696 1.37432309112 1.52514095627 1.67712044291 1.83079630888 1.98654305382 2.14440243381 2.30421210681 2.46571875713 2.62840475958 2.79174705255 2.95526165646 3.11862299235 3.28183797827 3.44475603822 3.60738529005 3.76978770997 3.93215458214 4.0945026253 4.25697210216 4.41986784699 4.5831394264 4.74629840041 4.90890870884 5.0704762678 5.2306363558 5.38913091732 5.54570009357 5.70038546124 5.85342264112 6.0051131155 6.15602526819 
