range:0-360 
center: -4.12028070688 1.63573140502 0.046321940791
a: 0.0128676614509 0.00721103552376 0.239909674706 -0.00930223574542 -0.0167426832769 -0.00567658449367 0.00987829934954 -0.00344675582416 0.0080326542 -0.00188264033495 0.00140191946273 -0.000174049705283 -0.000157128172216 
b: 0.00125028152416 -0.00661115137665 0.0188988853855 -0.000741604507622 -0.00177719416112 -0.000867278534865 0.000550159440726 -0.000510303368124 0.000540744184657 -0.000259043051537 8.01141789291e-05 -3.97048422467e-05 -1.66219512194e-05 
c: -0.00834605216622 0.265149506591 0.00720291253643 4.590827573e-05 0.0164095347697 0.0153323333089 0.00871014168035 0.00870864024441 0.00363756434768 0.00403022464309 0.00116143780761 0.000953875989145 0.000152217789493 
angles: 6.1741312058 0.0450963888529 0.197835846308 0.349489944322 0.502874347356 0.658826055537 0.818035478938 0.980264260233 1.14744967719 1.32060504364 1.49828273135 1.67784363233 1.85705521983 2.03525404049 2.2125032057 2.38925343595 2.56477734175 2.73838506428 2.91009168466 3.08004349983 3.24835157208 3.41499225212 3.57913595572 3.74058962107 3.89935177898 4.0545260179 4.2076647888 4.35959819899 4.50844010952 4.65335164849 4.7945324874 4.93111660785 5.06327110429 5.19233147743 5.32009302322 5.44872382885 5.58074415976 5.71883970404 5.86511019218 6.01869875339 
