range:0-360 
center: -4.06663959622 0.614270012081 0.0193934589392
a: 0.000705192801155 0.00472571631462 0.136004604647 -0.00163878187205 -0.00629108069871 -0.00321762208113 0.00365713978897 0.000267339107225 -0.00179619453471 -0.00104522158956 0.000764451658337 0.000401736375684 -0.000449904554126 
b: 0.000289861555544 -0.00355881227575 0.0106963370642 0.000166604792803 -0.000494472982984 -0.000406449782442 0.000122047704575 9.93028781367e-05 -9.94574713004e-05 -0.000113841452281 7.02353369161e-06 4.87223276472e-05 -1.18565178062e-05 
c: -0.00862552130228 0.145209816072 0.00472641248909 -0.010961553513 -0.000229721856602 0.00554885313956 0.006237371607 -0.00287935319193 -0.00160518585674 0.00113126325135 0.00198640553613 -0.000618348363964 -0.000883845658656 
angles: 6.2628022956 0.117370356488 0.256878583884 0.398222390546 0.541282627639 0.686148070861 0.833004568939 0.982046153045 1.13369376938 1.28836428182 1.44658620853 1.60808792233 1.77299703287 1.9410993016 2.11207601007 2.28527284274 2.4600848237 2.63576803735 2.8111292876 2.98492393342 3.15647191593 3.32661738847 3.49732028365 3.66927498893 3.8420477403 4.01440914397 4.18513947081 4.35332719503 4.51852290214 4.68070134745 4.83945836686 4.99449799598 5.14598372093 5.29388584294 5.43832844173 5.57964953266 5.71835721007 5.85513635344 5.99084258583 6.12644090207 
