range:0-360 
center: 0.0169733862042 0.010387460012
a: 0.00858997083977 0.00399679314019 0.2253650641 -0.00979087949667 0.00305202550019 -0.00297015974371 0.0129300302449 0.00128433738184 0.00336027974972 -0.000810789728288 0.000598605140419 -0.000195740482494 0.000177990532265 
b: 0.00687649473884 0.00399642259181 0.253000374539 0.00738736795413 0.0107007441194 0.00502245958234 0.0147063941897 -0.00112521320142 0.00429280325693 0.00123258205553 0.001175673068 -2.84727350899e-05 0.000718786199126 
