range:0-360 
center: -4.12701508403 1.80579099059 0.0640759978444
a: 0.0155115463751 0.00355545340549 0.230729641658 -0.0169240979376 -0.00998736134182 -0.00309392762572 0.0163941470463 0.00304164485495 0.00790165874273 0.000629369776979 0.00100176362784 -0.000562364061154 0.000714302925714 
b: 0.00127691412086 -0.00693743700991 0.0182674603673 -0.00153289509568 -0.00117645298184 -0.000770874495095 0.00119645195537 -1.97235852885e-06 0.000623969885582 -4.19007528823e-06 3.91202542518e-05 -5.17926541376e-05 -1.65254655591e-05 
c: -0.00156364777625 0.266454018427 0.00354197963585 0.00686097092145 0.0140807997475 0.0193609193827 0.00399733132974 0.00900651040081 0.000180817076087 0.00200309452463 0.00149942053284 0.000260551191329 0.00270747227538 
angles: 6.15406705476 0.0347359919215 0.196576279488 0.354363229169 0.511159602787 0.671364623843 0.838940624124 1.01301831085 1.19094153461 1.37091876065 1.5519542538 1.7327712015 1.91228217746 2.0903284476 2.26684089868 2.44169485008 2.61435440133 2.78378209368 2.95068121813 3.11603497738 3.27854230432 3.43746282396 3.59319882291 3.74646708422 3.89695755856 4.04515898983 4.19128633425 4.33438562922 4.47237044602 4.60553694524 4.73367272844 4.85803257829 4.98157447425 5.10753916527 5.23908648928 5.37816486113 5.52512845307 5.67829534046 5.83488081159 5.99309488269 
