range:0-360 
center: 0.0119669941348 0.0300413457114
a: 0.00592313277629 0.00383851949757 0.319204644944 -0.00882478687767 0.0122600086263 -0.00382013862288 0.013370967976 0.00334452955364 0.00329982636462 -0.000723109237069 -0.000766626044823 -0.00116042916274 0.000206797696848 
b: 0.0162865091527 0.00383762376486 0.344831526093 0.00302044455546 0.0203080214204 0.00385482508936 0.0122567528132 -0.0024684966714 0.00475147173419 -0.00070754224071 -0.000353105469378 -0.000227670456843 0.00124591327674 
angles: 6.25337548196 0.139109947438 0.308753707374 0.479023768547 0.649715007666 0.820781802583 0.992104931791 1.16294267372 1.33212550312 1.49909877558 1.66377479152 1.82698691705 1.98786416785 2.14536406735 2.2997282543 2.4514448215 2.60082100553 2.74806644257 2.89355116156 3.03733166325 3.17963283814 3.32106259196 3.4622820359 3.60363852607 3.74533351823 3.8873501458 4.02950394981 4.1720712646 4.31550766652 4.46038903671 4.60740660895 4.75858006125 4.91537466355 5.07675584065 5.24108365861 5.40737246924 5.57533641448 5.7446170966 5.91445327463 6.08428494888 
