range:0-360 
center: -4.06668892503 0.753795202076 0.00644153703471
a: -0.00388082274286 0.00656033795933 0.145109760539 0.00306689826951 6.33199712909e-06 -0.00479167438808 0.00412560506174 0.000543452650705 -0.000928191731934 -0.00116603201611 0.00111555243955 0.000200519303901 -0.000274966083195 
b: -0.000138141178889 -0.0124120953466 0.00812498896932 0.000355563736165 0.000405185460904 
c: -0.00114805608161 0.15512595552 0.00656042680431 -0.0023040285286 -0.00469288404559 0.00589247097399 0.00832932484067 -0.00138862529768 -0.00107972921354 0.000658133129728 0.00236937355349 -0.000157247857195 -0.000315856251519 
angles: 0.0517914766813 0.205569626064 0.358866134029 0.511664376166 0.663646454535 0.814515852913 0.96416806057 1.11275061829 1.26054831396 1.40788153513 1.55502890966 1.70227352734 1.84991945104 1.99834532885 2.14814025146 2.29983572061 2.45379554177 2.61014406773 2.76880545785 2.92943902002 3.09132873834 3.25347545602 3.41492155856 3.57555466806 3.73601640809 3.89711186262 4.05936517661 4.22272538236 4.38703442719 4.55199608154 4.71742993598 4.88318607094 5.04897545581 5.21433068816 5.37885058674 5.54235907297 5.70446344072 5.86499263592 6.02356411477 6.18009023316 
