range:0-360 
center: -0.000247956719285 -0.0495848385846
a: -0.00141300047678 0.0062758158393 0.23171599392 0.00154625356664 -0.0354559283095 -0.00723143751769 0.0176996778845 -0.000822842429143 0.00679688480515 0.000953176699942 -0.00119229505411 0.000460867635137 0.000283361604447 
b: -0.0286721126893 0.00626692725498 0.266984106897 -0.00128814542907 -0.0218880089225 0.00532704641439 0.0175197254536 -0.000531534444231 0.00674496553639 -0.000953035997786 0.00112343387787 -0.000928226271072 -0.000107420404608 
angles: 0.00102123643404 0.126008033926 0.25037668377 0.374411285127 0.49886278778 0.624755389523 0.753408487545 0.885929550725 1.02269289668 1.16580919275 1.31898500437 1.48472242012 1.66324582532 1.8510810863 2.04076425486 2.22877528892 2.41226073759 2.59479798344 2.7776053791 2.95978325475 3.14084346087 3.32123379017 3.50148341135 3.68153626415 3.86162026562 4.04130235661 4.22433844627 4.411384326 4.60338038666 4.79574194044 4.97671665493 5.14173373033 5.2907013681 5.42676259519 5.55364843933 5.67490729826 5.79426104438 5.9141250255 6.0359347929 6.15954038016 
