range:0-360 
center: -4.06174352169 0.662567831576 0.00143714054571
a: -0.00402117093348 0.00565372599812 0.139936204101 0.00314717261096 0.0015486375496 -0.00397546884774 0.00403118282837 0.000387131966532 -0.00111842322105 -0.00120029635293 0.000614809923779 0.000372183745367 -0.000255756649584 
b: -0.000258846427253 -0.0119630810959 0.0078894561892 0.000271780275719 0.000515793018193 
c: 0.000202353333293 0.149047303279 0.00565324055021 -0.00114480726042 -0.00489306738956 0.00508182168756 0.00733041803014 -0.00157914181736 -0.00135464957969 0.000439853020257 0.00215064206509 -0.00017783034353 -0.000591693482952 
angles: 0.0566724745057 0.21312083177 0.36858778928 0.523305464728 0.6770926868 0.829654929539 0.980901589379 1.13082770167 1.27947689529 1.42707347437 1.57387284203 1.72020359516 1.86647825937 2.01312184439 2.16052829943 2.30922189763 2.45975219777 2.61253008747 2.76772508947 2.92540052462 3.08496907474 3.24537048561 3.40524659912 3.56410850039 3.7228302212 3.88236210206 4.04318984084 4.20559291253 4.36945380512 4.53445809849 4.70032465546 4.8667874528 5.03360301269 5.20041843769 5.36685629406 5.53263030419 5.69740741351 5.8607564115 6.02234190154 6.18198645866 
