range:0-360 
center: 0.0221156741401 0.0164174075796
a: 0.010571091247 0.0020510624174 0.251452681309 -0.0115975295209 0.00602198655148 -0.00149545626158 0.0149915026011 0.00154154472745 0.00367895186069 -0.00043019523602 -0.000260692454525 -0.000618269395275 5.35294286291e-05 
b: 0.00997358835421 0.00205044102533 0.281301726297 0.0095438243743 0.013924016813 0.00260660905803 0.0148583313496 -0.000515320512723 0.00422743018441 0.000671383699867 0.000128500920908 0.000411097273152 0.000465759486314 
