range:0-360 
center: -4.11269415617 1.46556130648 0.0351454653893
a: 0.00981381156927 0.00986340704074 0.231940093333 -0.00406327988392 -0.0186244855522 -0.00647364360877 0.00920789868784 -0.00408537754295 0.0071049561075 -0.00219572847534 0.00127633466085 -0.00140165977127 -0.000434195729014 
b: 0.00109896794707 -0.0060926808557 0.0181925564809 -0.000192287709658 -0.00190352535816 -0.000858060010293 0.000374895526439 -0.000505822506675 0.000366352105287 -0.000232841113818 -2.15262177172e-05 -0.000109507624639 -8.94107963067e-05 
c: -0.0117314327699 0.253806648189 0.00986142451231 -0.00483829688173 0.0155446573902 0.0126516730191 0.0132085572607 0.00666729392856 0.00734782438498 0.00214398823591 0.00454280739055 -7.54416685449e-05 0.0020241748489 
angles: 6.18388762937 0.0527860040699 0.206086588427 0.356335204268 0.50492023126 0.654163109899 0.804822019555 0.959854794184 1.12163842946 1.29045464404 1.46498284294 1.64297179584 1.8222367172 2.00139368528 2.17981698554 2.35750956254 2.53453399625 2.7103902193 2.88485173133 3.05759746262 3.2281619299 3.39757796441 3.56531716964 3.73158789501 3.89522643236 4.0557170389 4.21417045103 4.3718103082 4.52717200653 4.67947463561 4.82825510751 4.97145864208 5.10840777466 5.24034198294 5.36916509369 5.49660458153 5.62437702414 5.75461341504 5.89007027064 6.0333933244 
