range:0-360 
center: 0.0191747645705 0.0105142371214
a: 0.00972778300222 0.00387671481127 0.231706789951 -0.0106386232229 0.00350659139497 -0.00300766456746 0.0131751013739 0.00126023952635 0.00327412206867 -0.000647309119274 0.000183435528757 -0.000456889599121 -2.20155490389e-05 
b: 0.00695003734473 0.00387638642544 0.258723587215 0.00881595370403 0.0103929342334 0.0047459393378 0.013842274376 -0.000565603680037 0.00361586554609 0.00108413338785 0.000482449904968 0.00023779474065 0.000333477999844 
