range:0-360 
center: -4.07153126598 0.845017626882 0.0115808649222
a: -0.00366817377314 0.00769307065421 0.149616830605 0.00293621432682 -0.00169224678708 -0.00616800975377 0.00536285811472 0.00101415307594 -0.000705058657845 -0.00084754137665 0.00128983745522 -0.000303433208809 -2.12531218424e-05 
b: -1.63649700501e-05 -0.0129419017353 0.00830206464885 0.00041659694206 0.000278874331101 
c: -0.00245707206146 0.162349081539 0.00769365436709 -0.00322286113923 -0.00439910806167 0.0073702326209 0.00921997809078 -0.000834088549191 -0.000448186247681 0.000725003966658 0.00220352062894 -8.31194206455e-05 0.00029572397564 
angles: 0.0459058476642 0.197632597467 0.349114270633 0.500349580762 0.650891297633 0.800354312837 0.948732832954 1.09637640569 1.24371831607 1.39111570543 1.5386292766 1.68650232095 1.83510136673 1.98519447803 2.13751916428 2.29246276126 2.44993488848 2.60973515228 2.77154382428 2.93455366509 3.0980063929 3.26116007227 3.42381212053 3.58604269493 3.74804517781 3.91052710475 4.07385079666 4.2378902734 4.40255197532 4.56768227277 4.73308435688 4.89849330374 5.06338004538 5.22717871723 5.38959317865 5.55069022409 5.71004525252 5.86761156021 6.02314585795 6.17676402714 
