range:0-360 
center: -4.09336182475 1.39336466193 0.0353733038064
a: 0.000284166738049 0.0101398396989 0.222280672246 0.00423406722657 -0.0204216464976 -0.00810016482946 0.00964689247258 -0.00318114675331 0.00648719859517 -0.000764104596687 0.00150873038665 -0.00126333911921 -0.000117407856407 
b: 0.00117278267597 -0.0195928386924 0.0124331887914 0.000747896197054 -0.00164372610005 
c: -0.0137500223793 0.244767762364 0.0101415602831 -0.00707627989108 0.00479484684344 0.0128264207069 0.012157527137 0.00683551291424 0.00583044123886 0.00167478434804 0.00332634617755 0.000474547361385 0.00153674154678 
angles: 6.27021951356 0.129764399939 0.27306560254 0.41581282208 0.557180286489 0.697497401341 0.838617811221 0.982505094662 1.13062355143 1.28393923228 1.44253041393 1.60590821021 1.77308731982 1.94325829223 2.11546469072 2.28853732835 2.46177902927 2.63516899673 2.8083494315 2.98111336451 3.15325129424 3.32430080965 3.49434260308 3.66368971756 3.83234835844 3.99959019506 4.16546060804 4.33144473665 4.49740982187 4.6631059822 4.82897079776 4.99089862119 5.14649437568 5.29595287044 5.44056053488 5.58123822585 5.71888496731 5.85488539923 5.99108038882 6.12930845382 
