range:0-360 
center: 0.0125902969688 0.0106369542627
a: 0.00589531410209 0.004163928488 0.320980889999 -0.00515881348369 0.00432046425764 -0.00218539261483 0.0130819783947 0.00161517753961 0.00096671067891 -0.00120011221004 0.000244332965654 -0.00244023810217 -0.000109817601506 
b: 0.00591922837222 0.00416003965034 0.349358755651 0.00662715461427 0.00751475539479 0.00613814635613 0.0152927495775 0.00308133002587 0.00223372770675 0.0027444688676 0.00197043761403 0.00225772980081 0.00131926368248 
angles: 6.25027285817 0.129730680331 0.291874313556 0.454436565657 0.617606400029 0.781481197778 0.946015927318 1.11087528439 1.27567372305 1.44005719266 1.60383331536 1.76674974146 1.92886361328 2.08956698979 2.24864344191 2.4063041225 2.56244239659 2.71728259152 2.87140572907 3.02495188105 3.17766548536 3.32956091015 3.48079615564 3.6315460687 3.7817160057 3.93122267344 4.08032074739 4.22917196317 4.37778818565 4.52664294904 4.67610519863 4.82684681088 4.97960402589 5.13444137158 5.29055731583 5.44729941024 5.60460477177 5.76404536995 5.92507929097 6.08725237643 
