range:0-360 
center: 0.0208295571999 0.0132207353038
a: 0.0102173464935 0.00317998383737 0.24151062683 -0.0112461839669 0.00461009240309 -0.00250660769748 0.0142401374618 0.00151807139239 0.00357283949072 -0.000540521904855 -1.90373489837e-05 -0.000571809371528 6.56590241208e-06 
b: 0.00839253547682 0.00317948143477 0.270301131664 0.00918777162312 0.0121741607357 0.00385301786475 0.0145510223294 -0.000543772335711 0.00399458411611 0.000797987846046 0.000329313745449 0.000406323458125 0.000389137638993 
