range:0-360 
center: -4.25665894151 3.16229780912 0.130084344599
a: 0.00738561530584 0.0028158167341 0.319754092911 -0.00839310703815 0.00807168807298 -0.00247708383986 0.0128540221876 0.00243771635118 0.0048186691188 -0.000364248553807 -0.000789311646763 -0.00145081779489 8.45060011638e-05 
b: 0.000221352713791 -0.00910997374334 0.0253724818433 -0.00118209316895 0.000469624395478 -0.000518147429987 0.000937558424 2.90642080394e-05 0.000372141890479 -2.32078413858e-05 -7.10766944601e-05 -0.000147075425077 -3.15024479246e-05 
c: 0.0135233255059 0.344454248418 0.00281470082876 0.0189729840376 0.00637634137731 0.0118455820565 0.00315384180423 0.00608683075027 0.000419270929392 -0.000213524864411 0.000305265026562 0.00116628568151 0.00141114586412 
angles: 6.24442749416 0.128235000647 0.29545471806 0.463483234293 0.632286433762 0.802006187581 0.972329639236 1.14255372782 1.31194060756 1.4796880297 1.6457091058 1.80995214578 1.97252911311 2.13246249782 2.28985070248 2.44503800482 2.59807660216 2.74887873044 2.8977870508 3.04517961261 3.19043776097 3.33389879767 3.47644979577 3.61866321968 3.76091127692 3.9034007191 4.04610807224 4.18905188754 4.33251405873 4.47698482217 4.62323115679 4.77265810466 4.92626305313 5.08414842404 5.24583006063 5.4099058404 5.57508197114 5.74119756654 5.90839287978 6.07653146701 
