range:0-360 
center: 0.0126724080632 0.0272116383792
a: 0.00613474966816 0.00300546065409 0.309678725868 -0.00822791267811 0.0126312852383 -0.00299206238935 0.0132451303229 0.00268297177451 0.00199134494628 -0.000234864842486 0.000212458597736 -0.00117252077771 -5.94921061689e-06 
b: 0.0149235487166 0.0030050265117 0.336789264522 0.00404082675555 0.0172132302961 0.00301861951817 0.01386536566 -0.00150649678216 0.00259312566658 -0.000218279438733 0.000405716279381 1.55756417878e-05 0.000602455941865 
