range:0-360 
center: -4.09509148598 1.12487978339 0.0325286278793
a: 0.00579463846679 0.00952819898285 0.176153069334 -0.00247000499638 -0.0103789871661 -0.0088540445528 0.00680343029716 -0.00253786626943 0.00244610818975 7.2525123506e-05 0.00064022876939 -0.00100705833663 -0.000352971602223 
b: 0.000689643859411 -0.0044212172243 0.0137615682013 -2.10880825199e-05 -0.00107300802945 -0.00092638435274 0.000265262958623 -0.000241354874738 8.38063726837e-05 -1.40793562386e-05 1.24106196459e-05 -6.15019231371e-05 -4.47489480025e-05 
c: -0.00843067502811 0.191139720425 0.00952865613046 -0.0064765299356 0.00911330399151 0.00818130305953 0.0101935758806 0.00145284176768 0.00409180429787 0.000732659332064 0.0014222082501 -0.000688268132838 0.000614617684044 
angles: 6.20054996673 0.0666679567585 0.217242058849 0.368936108133 0.520628780112 0.671464322744 0.823719516796 0.979599794097 1.13984049391 1.30398193716 1.47137906041 1.64224137835 1.81659588768 1.99313455684 2.17035065247 2.34729175706 2.5230433453 2.6972961936 2.87012056263 3.04088660131 3.20998683019 3.3785078033 3.54621318661 3.71265128442 3.87659598797 4.03798113311 4.19713862604 4.35555219551 4.51372715178 4.66960658283 4.8212850592 4.96780185366 5.10899466265 5.24559747847 5.37895700741 5.51074515872 5.64266366511 5.77636484962 5.91330146765 6.05462598224 
