range:0-360 
center: -0.00724177582518 0.00899291180849
a: -0.00251906238018 0.00652562721342 0.154522627917 0.00252836335831 -0.00223107328034 -0.00166782357114 0.0123492314361 5.97787916176e-05 0.00441989739046 -0.00399396997507 0.00612909764737 0.000477105272472 0.0018799917034 
b: 0.00522154919495 0.00653322636827 0.195443994196 -0.00249075278818 0.0127001582772 0.0114155256739 0.0285889289155 0.00015531299428 0.0105365416696 0.00579589258689 0.0101098696042 0.000581133858305 0.00414549337516 
angles: 0.0261219319249 0.188840454781 0.35547630781 0.523956089344 0.692444241389 0.859319534931 1.02257275862 1.18108149231 1.3350628454 1.48534054519 1.63340241883 1.78076040608 1.92773575435 2.07400510739 2.2194339939 2.36441448888 2.50956759224 2.65564907337 2.80342783567 2.95348922702 3.10564943245 3.25826794852 3.41039155597 3.56220787185 3.71402212376 3.86572488722 4.01773372285 4.1718984358 4.32942874818 4.49038576241 4.65381855037 4.81855804887 4.98412705729 5.15096471297 5.31958461252 5.48935234041 5.65847947275 5.8251084363 5.9884314522 6.14922085506 
