range:0-360 
center: -4.25858538151 3.26432911158 0.146231737896
a: 0.00454732178596 0.00158768040062 0.316623203917 -0.00388880105135 -0.0023976866965 -0.00092453574875 0.011507593994 0.00139547195223 0.00339044375167 -0.000515299170389 -0.000636734403636 -0.00184332847304 0.000291876035768 
b: 0.000602329257373 0.020319686251 0.0344741655178 -9.1759406835e-05 5.20892789717e-05 
c: 0.00178513958106 0.339500670791 0.0015867656857 0.00596713031371 0.0052046076413 0.0113694951418 0.00224866850119 0.00497515032176 0.00270862773341 0.000500277577414 0.000810377274504 0.00128271758129 0.00227814325912 
angles: 6.25670746299 0.132127866996 0.290981510665 0.450701631937 0.611303496446 0.77278633175 0.935180124945 1.09822980443 1.26156610326 1.42479146501 1.58757428324 1.74964639604 1.91089711228 2.07127624448 2.23050201583 2.38873658971 2.54616147043 2.70289569004 2.85899878893 3.01487914712 3.17043687927 3.3253865466 3.47988713082 3.63407707384 3.78808780402 3.94201769538 4.0958300147 4.24938431409 4.4025189125 4.55522697895 4.70765355429 4.8600698531 5.01282954633 5.16617557565 5.3199504093 5.47408753922 5.62878051691 5.7841925784 5.94066151995 6.09826196516 
