range:0-360 
center: -4.1217633903 2.07220167518 0.143923459959
a: -0.00667201043515 -0.00448394288941 0.221447999152 0.00715857715228 0.000829080976576 0.00685227301041 0.00982806497536 -0.000684227558195 -0.00110861078264 -0.00226019779794 0.000332149400463 0.000590878057966 0.00177618928523 
b: -0.000833853996317 0.00282398195631 0.0283962703948 0.000956680557145 1.82462009316e-05 0.00102416148076 0.00123540544437 
c: 0.00172307163848 0.241878062846 -0.00448383666796 0.0026159572027 -0.00618369626563 0.0106029468891 -0.00211407093143 0.00289347272916 0.00029230505227 0.000438693334069 0.00248079476542 0.00222990146994 0.000196058324275 
angles: 0.0550724901074 0.213205507045 0.371624706537 0.52958345801 0.686052685389 0.840389688703 0.992537835862 1.14287976129 1.29171721869 1.43929306201 1.58607649911 1.73260388719 1.87952556581 2.0272313509 2.17576324664 2.32499810853 2.47480570157 2.6251735027 2.77644003643 2.92882709771 3.08229208634 3.23730342348 3.39422861395 3.55298323339 3.71234821506 3.87230900465 4.03389270345 4.1980456372 4.36493158095 4.53351283544 4.70249092592 4.87101447038 5.03871528023 5.20553734041 5.37151593299 5.53656927979 5.70000742489 5.8616289136 6.0216607979 6.18026118635 
