range:0-360 
center: -4.23114136457 2.99841915369 0.145982433739
a: -0.00212578033162 0.00268503659843 0.318532751359 -0.0013560155192 0.00578896789679 -0.0024537516339 0.0137212711756 0.00390682047664 0.00283885777991 -0.00117555244325 -0.000857207146554 -0.00106611379441 0.000407113980232 
b: -0.000141238093562 0.00518973571313 0.0409745507413 1.07497618408e-05 0.000667627634658 -0.000157388416038 0.00179051539036 
c: 0.00940265364764 0.344525889786 0.00268511624845 0.0130128183247 -0.00560657792048 0.0122730696827 0.00291641579273 0.0043886599096 -0.00306125557114 -0.000584177955849 -0.00072679844435 0.0011282675452 -0.000176289525988 
angles: 0.0128792436893 0.176261146168 0.339669078137 0.502983384211 0.66647629873 0.829872155615 0.992890688736 1.1548820992 1.31523005708 1.47361082338 1.63009053475 1.78509603954 1.93882093888 2.09080930514 2.24100280202 2.38990586625 2.53785629346 2.68519563609 2.83221900106 2.97919774493 3.12646420504 3.27446123942 3.42350053356 3.57362144879 3.72485420389 3.87703830086 4.02996389426 4.18386851506 4.33909105708 4.49589239925 4.65486037257 4.81682363526 4.98092679722 5.14592950057 5.31114580128 5.47635440967 5.64133530703 5.80580274588 5.96965720012 6.13292833839 
