range:0-360 
center: -4.11047679782 1.98803618848 0.134016716341
a: -0.00593260909772 -0.00283195876666 0.226199228806 0.00533786636408 -0.00603419932988 0.00680906630702 0.0158474390038 0.00102205058561 -0.000865783927473 -0.00456031969726 0.000753826242498 0.00028357522453 0.00159725522629 
b: -0.000828460624188 0.00328804393064 0.0290311386904 0.000643921655353 -0.000870714484526 0.00112328601761 0.00204759833249 
c: -0.00458405648238 0.259867293408 -0.00283347789279 -0.00313013006279 -0.00652384641805 0.0178224495 0.00114984325235 0.00377102666957 -0.00015485489129 0.00121018027954 0.00339546113292 0.00302390181925 0.00111676885752 
angles: 0.0500999633928 0.201751546786 0.353120009714 0.503911902212 0.653306474288 0.800799246953 0.946822098236 1.0919579777 1.23688057868 1.38254475161 1.52995667174 1.67975152907 1.83182892311 1.98556314354 2.14019128248 2.29580117521 2.45299808278 2.61181444387 2.77142543739 2.93122187348 3.09162843158 3.25302644112 3.41577804565 3.57953492653 3.74365197471 3.90863026251 4.07540934496 4.24438662452 4.41449207267 4.58397645482 4.75190482995 4.91803234654 5.08239534938 5.24524952059 5.40688910864 5.56723297008 5.72466329268 5.8789246936 6.03084684608 6.18188036417 
