range:0-360 
center: -4.18522136211 2.44591735601 0.191980051377
a: -0.00251897265016 -0.00423383649779 0.26089680141 -0.00340936061117 0.00409592186016 0.00454157990615 0.0132735007626 0.00519615583677 -0.00398955385662 -0.00103237374483 -8.33000399254e-06 0.00027265409051 2.96089378487e-05 
b: -0.000256895118255 0.0165981202514 0.0280829010772 -0.000561070562028 -7.05739170137e-05 
c: 0.000325012997215 0.287450148225 -0.00423342677215 -0.00344604256358 -0.0084466228851 0.0132790205599 -0.00392417586045 -0.00355104295715 -0.00665878941742 1.941239936e-05 -0.000416127795905 0.000397870654241 -0.00118874389024 
angles: 0.0190695444049 0.176541482284 0.333699542051 0.490435733544 0.646831305898 0.802956208077 0.958880202602 1.11457716119 1.26982699932 1.42462031254 1.57902565618 1.73310245223 1.88686729836 2.04041926556 2.19397585357 2.34774093809 2.50186643139 2.65641721055 2.81149370708 2.96710072202 3.12333941305 3.28016202481 3.43737638633 3.59514533124 3.75348694655 3.91242605456 4.07209260044 4.2325419426 4.39369698094 4.5553014966 4.71690899521 4.87803497234 5.0384156077 5.19803172737 5.35691786582 5.51515298803 5.67288887049 5.83027726526 5.98748368351 6.1447652121 
