range:0-360 
center: -4.23659424186 2.99134269953 0.162914152839
a: 0.00103042191451 0.00245327362514 0.318406898882 -0.00445031495139 -0.000630606117296 -0.00178228945451 0.0136342444756 0.00363963234909 0.00174270051407 -0.00167815819627 -0.000829021252449 -0.000719626930242 0.000513973342284 
b: 0.00023267527924 0.0206993470411 0.0347201635837 -0.000214037124843 -0.000216262953068 
c: 0.00201439581529 0.344360558185 0.00245312644333 0.00465868409271 -0.00238966342067 0.012319600244 0.0031235698934 0.00354634685363 -0.00320186471282 -0.000479033507011 -0.000341101022542 0.00129851888931 -0.000268760465624 
angles: 6.27737603955 0.152368590141 0.311070354824 0.47029247591 0.629945417088 0.789948436747 0.950178711289 1.11044350268 1.2705249108 1.43014654074 1.58917000293 1.74749972589 1.90522837687 2.0622912113 2.21857451699 2.3741969812 2.52930384546 2.6840754707 2.83866315596 2.9932133834 3.1478178866 3.30259769027 3.45767613561 3.61310929105 3.76886963287 3.92487299677 4.08100613671 4.23719453394 4.39337632249 4.54958178411 4.70601952297 4.86274216029 5.01959825463 5.17649111435 5.33337576888 5.49032342723 5.64737718363 5.80457839007 5.96198036884 6.11957091211 
