range:0-360 
center: -4.14886046648 2.23987082839 0.157993897659
a: -0.00953243827592 -0.00619046861166 0.231204098541 0.00708756187699 0.0119112212452 0.00507040827009 0.0123558001128 0.00114060123055 -0.00276738135599 0.0007188428229 -0.000463173597102 0.000874564721979 0.00152402551509 
b: -0.00107498600387 0.00276222032363 0.0296246792617 0.00105232613181 0.00136121282292 0.000760846162676 0.0014973833909 
c: 0.0107748153336 0.25294378132 -0.00619674583477 0.00963956582312 -0.0119674663718 0.00938849384767 -0.00731409966732 0.000491511793513 -0.00375301911957 -0.00249866929151 -0.00155032453057 0.00179814445905 -0.00161927588446 
angles: 0.0725980598485 0.243064383073 0.41153682963 0.577578933894 0.741408625514 0.90351509944 1.06321554935 1.21958710245 1.37257982749 1.52186874909 1.6674214167 1.80930760666 1.94778731126 2.08429527567 2.2206707087 2.35804991494 2.49632161804 2.63550070923 2.7752738685 2.91519120447 3.05671076245 3.20163212985 3.35020979457 3.50160836836 3.65456154563 3.80817292408 3.96344711141 4.12241723631 4.28696816427 4.45711543563 4.63132392149 4.80741200572 4.98342004022 5.15862703595 5.33260343603 5.5051809397 5.67620506308 5.84585375733 6.015148191 6.18499293711 
