range:0-360 
center: -4.13556478619 2.15602087975 0.152168248186
a: -0.00840468925666 -0.00634766291383 0.222786955389 0.0070118245808 0.00682935839908 0.00644894685333 0.0097794857653 0.00041014195555 -0.00161634369837 -0.00010796543983 -0.000156095084138 0.000962331425811 0.00171594347504 
b: -0.000983404493358 0.00256802195621 0.0285420699961 0.00100157241368 0.000739514725715 0.000929696301275 0.00117348943145 
c: 0.00691123368861 0.240609655384 -0.00635123432015 0.00699206371041 -0.00979377929528 0.00804572833406 -0.00625083643023 0.00177784375957 -0.00238032979985 -0.00157990029081 8.06228533796e-05 0.0017172801873 -0.000953891609831 
angles: 0.0671732149411 0.232695666407 0.397748401726 0.561258547197 0.722367692048 0.880955876979 1.03683287779 1.18997525954 1.34041616668 1.48827955302 1.633740512 1.77705336882 1.91873443387 2.05993493276 2.20161201185 2.34399483381 2.48708338989 2.63066736288 2.7743235845 2.91886326243 3.06534514732 3.21437788523 3.36633612226 3.52067303327 3.67643236317 3.83299645134 3.99122110437 4.1526632838 4.31858070867 4.48859845634 4.66090342432 4.83359283387 5.00586925418 5.17734690253 5.3478642529 5.51724658627 5.68522301316 5.85202795238 6.01836204167 6.18451817335 
