range:0-360 
center: -4.19682446718 2.58242495656 0.184992265655
a: -0.00110138634153 -0.00289123854856 0.282273288607 -0.00437846664372 0.0029607444093 0.00255214082869 0.0130878057619 0.00503591023654 -0.00125301964704 -0.000390649622135 -0.000131234575632 -0.000181232087577 -0.00104621093885 
b: -6.9170259329e-05 0.0179366824079 0.0304816038665 -0.000544883240526 -7.61207987942e-05 
c: 0.000858352143217 0.307559400402 -0.00289093882818 -0.0012444294497 -0.00658078130684 0.0121983199392 -0.00322946540076 -0.002951537202 -0.00592359209036 -0.000754125913296 -0.00107279916906 -0.000651713170866 -0.00106348138483 
angles: 0.00770104758898 0.165273008734 0.322931917492 0.480660216809 0.638474423017 0.796362726391 0.954252212041 1.11200333724 1.26940203672 1.42635718306 1.58285364212 1.73892507895 1.89459262444 2.04982266236 2.20467986943 2.35932392723 2.51390316656 2.66854893826 2.82338910584 2.97854367088 3.13410627702 3.29009823804 3.44651629414 3.60340354008 3.76075782852 3.91856439875 4.07677297103 4.2354117825 4.39436397221 4.55351958809 4.71277900676 4.87196581941 5.03086696548 5.18933490066 5.34734332259 5.5049338803 5.66220067075 5.8192636704 5.97629725319 6.1334767325 
