range:0-360 
center: -4.24558548331 3.1674467802 0.141032591462
a: 0.00114153844903 0.00196413388227 0.319239130485 -0.00268085279271 0.0029533301872 -0.00156769604181 0.0132528015813 0.00305006969907 0.00429398290003 -0.000583327507767 -0.00110365506359 -0.00155721136028 0.000324121284687 
b: 0.000260231274498 0.00509352145199 0.0410549379167 -0.00015728598601 0.000376750953808 -4.92354421715e-05 0.00172440394031 
c: 0.00806208059432 0.344311559218 0.00196352712095 0.0131698359826 -0.000398442410581 0.0118198960139 0.00236001885794 0.00592542347374 -3.00927690254e-05 -0.00032304079955 0.000206432378313 0.00129536811419 0.00147380817228 
angles: 6.27747007477 0.156317313067 0.318768317597 0.48169139623 0.645289475132 0.809325821558 0.973402682813 1.13698403794 1.2996901055 1.46102086952 1.62096909046 1.77944566275 1.93662786256 2.09231998147 2.24627515244 2.39888320322 2.55034652006 2.70082450073 2.85046319175 2.99959680499 3.14835463503 3.29695853038 3.44588135493 3.5954267505 3.7457659002 3.89684004485 4.0485082018 4.20077423692 4.35374538837 4.50772138612 4.66319449627 4.82080136454 4.980451799 5.14167208539 5.30382076913 5.46610490409 5.62837849661 5.79069344733 5.95310666741 6.1154475197 
