range:0-360 
center: -4.17759687901 2.49262795448 0.159393160965
a: -0.00748394246092 -0.0029063063446 0.26665136824 0.000569416489802 0.0148490482168 0.00229727325123 0.0148756002546 0.00674582534549 -0.00127456542292 0.000102020402074 -0.00100880305295 -0.000631629430677 -0.000538664728153 
b: -0.000779703513946 0.00376610907131 0.0342301433024 0.000242234947623 0.00170909688049 0.000427934836548 0.00184809705917 
c: 0.0131557422199 0.2941260943 -0.00290464638534 0.0114573364288 -0.014395714278 0.0125992200194 -0.00350927812916 -0.00211173548388 -0.00708057586344 -0.00125598584018 -0.00112724129818 -0.000301260752134 -0.000924043175806 
angles: 0.0503633319127 0.220117644733 0.38862041006 0.555587652023 0.721204006875 0.885971701634 1.04931330098 1.20933864609 1.36576665249 1.51879654288 1.66917500373 1.8173440712 1.96244089458 2.10455383559 2.24431663763 2.38288646525 2.52119651384 2.65990841121 2.79960097886 2.94071026181 3.08361851428 3.22854373376 3.3748642189 3.52231180541 3.67144700151 3.82243408467 3.97495629251 4.12979379241 4.28812094582 4.45053479024 4.61747291144 4.78925711129 4.96469336692 5.14044752922 5.3142297109 5.48625948292 5.65674872993 5.82608782739 5.99480882474 6.16375663662 
