range:0-360 
center: -4.21440721154 2.82969027758 0.151267380186
a: -0.00434647675978 0.00266472704612 0.30893214703 -1.61837524115e-05 0.00947215133882 -0.003206698286 0.0125489696871 0.00395356593331 0.00147593168522 -0.000473521290733 0.000221256458375 -0.000358977638452 -0.000319103176877 
b: -0.000405855782346 0.00503505513758 0.0397398592823 0.000173632288596 0.00109755348756 -0.000257029439916 0.001630303061 
c: 0.0108989440472 0.333700727087 0.00266720669968 0.0123217666034 -0.00870638695373 0.0122213639834 0.00212461995864 0.0013735742819 -0.00477541961218 -0.000545102206253 -0.00157540067266 0.000221452781249 -0.00110997569752 
angles: 0.026689828995 0.192031017316 0.356772667157 0.520810305666 0.684567509039 0.847974819538 1.01092374203 1.17229907229 1.33130562165 1.48778082499 1.64222293974 1.79510496155 1.9463359389 2.09511510848 2.24181982369 2.38711239457 2.53156857257 2.67576855099 2.82014695093 2.96501614337 3.1107376187 3.25768248117 3.40594552178 3.55551752291 3.70627120717 3.85829860597 4.01159435787 4.16645830345 4.32345207302 4.48274584726 4.64449177431 4.80919211194 4.97610495034 5.14403508742 5.31235634254 5.48039072624 5.6476960748 5.8141063894 5.97960388598 6.1446525202 
