range:0-360 
center: -4.19499476552 2.661295259 0.155815147742
a: -0.00551035600106 -0.000548512832508 0.292039262135 0.000115830330204 0.0124922491683 -0.000576597667967 0.0130079036664 0.00497536101309 0.00073772728055 0.000628058519378 0.00038964689427 -0.000360586281846 -0.00101565237671 
b: -0.000537437985685 0.00438965615208 0.0375241739295 0.000186902191435 0.00145567111942 7.14365689766e-05 0.00163571528795 
c: 0.0122157453915 0.317127640104 -0.000544372888069 0.0119349392367 -0.0109017484697 0.0120834705778 -0.00167262353458 -0.00129829478716 -0.00581509511066 -0.0013202718548 -0.00164067868699 -0.000964982534837 -0.00114026460938 
angles: 0.0347917629454 0.201965421072 0.368150777418 0.533470091279 0.698400911898 0.862939670794 1.02657709597 1.18774495895 1.34585958841 1.50112679185 1.65437971099 1.80607319729 1.95559323564 2.10202483319 2.2460052476 2.38858052747 2.53056266711 2.67245083268 2.81472024343 2.95780334807 3.10199547207 3.24751766681 3.39437815322 3.54241996209 3.69177970628 3.8426440069 3.99549127709 4.15048889963 4.30821716526 4.46898592548 4.63251703651 4.79918789105 4.96855878157 5.13943731088 5.31039525103 5.48039558514 5.64915248377 5.81678295552 5.98368641732 6.15061449304 
