range:0-360 
center: -4.16034129858 2.32390722632 0.16049168859
a: -0.00964535747636 -0.00492137563773 0.242311397286 0.00533163696737 0.0146474608162 0.00407428002168 0.0136983949635 0.00315327073606 -0.00336949149102 0.00016862220466 -0.000307360013149 0.000542274449657 0.00126327040567 
b: -0.00106317589946 0.00313480400311 0.0310708337037 0.000845269835703 0.00168547732694 0.00064886427437 0.00168804027913 
c: 0.0127199068845 0.267695149768 -0.00492413290583 0.010791623483 -0.0139516554272 0.0116895322443 -0.00576468693948 -0.000487888859727 -0.00547745207327 -0.00168694525417 -0.0015481696913 0.00164707151217 -0.00166321283427 
angles: 0.0700465650949 0.241997327085 0.412034618382 0.57942748898 0.74459808943 0.90817845665 1.06962849921 1.22760200846 1.38191647871 1.53231875932 1.67903607998 1.82193674477 1.96091523051 2.09697048416 2.2319295562 2.36725206962 2.50335162693 2.64051443258 2.77884608188 2.91802459376 3.05887252282 3.20314689705 3.35070706354 3.50020795388 3.65112527604 3.80282787328 3.95629075864 4.11305609909 4.27507603641 4.4432327395 4.61718188353 4.79457596146 4.97239540704 5.14915778814 5.32437847616 5.49806471269 5.6701762727 5.84083093516 6.01082544219 6.18131513717 
