range:0-360 
center: -4.21044985056 2.71873272657 0.178338070569
a: -0.000563128116789 7.47824989894e-05 0.299806977055 -0.00416337799947 0.00232442626849 -0.000778939369439 0.0121315770775 0.00417156313157 1.87993111474e-05 -0.000103344886438 0.000378921767251 -0.00013741910699 -0.0010877032652 
b: 3.36680279794e-05 0.0192267880097 0.0325598257184 -0.00039961685692 -6.85518649682e-05 
c: 0.00159481567197 0.323885155039 7.52338550912e-05 0.000864647558889 -0.00528928263496 0.0119469251187 -0.000629055619041 -0.00147853960328 -0.0052817800814 -0.000559985221174 -0.00151822568576 -0.00040240306979 -0.00123850936143 
angles: 0.00377062139775 0.161878368921 0.320225293411 0.478735623623 0.63742359091 0.796247595175 0.955117706954 1.1138740694 1.27224562237 1.43007150138 1.58731035917 1.74402149917 1.90025313067 2.05588735475 2.21090642025 2.36546658175 2.51978790258 2.67403916912 2.82836990231 2.98292083148 3.13780572256 3.29310633641 3.44884704494 3.6050103342 3.76159592017 3.91858462271 4.0759261601 4.23360911433 4.39157796982 4.54974266715 4.70810208428 4.86657889934 5.02502630953 5.18334306023 5.34141717718 5.4992289051 5.65680901846 5.81423838932 5.97163829186 6.12916216128 
