range:0-360 
center: -4.22442356348 2.85493915081 0.170612984058
a: -0.000172852194514 0.00239891267472 0.311235651371 -0.00392377650405 0.000899133013902 -0.00242622162844 0.0123761826759 0.00359453519478 0.000680148665744 -0.0010927349665 7.99860054794e-05 -8.19274030121e-05 -0.000196854915161 
b: 8.73355124984e-05 0.0201911002185 0.0339383588238 -0.000268026899159 -0.000162938263998 
c: 0.00178056505005 0.335898192415 0.0023991395686 0.0026613493309 -0.00426930022085 0.0122866983614 0.0023716237818 0.00108214532441 -0.00459969310555 -0.000162709124784 -0.00115351072189 0.000603943908884 -0.00107484663996 
angles: 0.00130255981549 0.159441935928 0.317923640499 0.476669738861 0.635665826169 0.794841115936 0.954088500193 1.1132616867 1.27211682545 1.43043721235 1.58815246146 1.74526748319 1.90185682476 2.05782971633 2.21315472646 2.36795983087 2.52242282401 2.67671711468 2.83103206052 2.98549671475 3.14023915857 3.29536869404 3.4509358137 3.60693580631 3.76333628389 3.92006970014 4.07706708967 4.23431176841 4.39177018198 4.54940550738 4.70728057408 4.86531581749 5.02333753204 5.18126824421 5.33906798469 5.49672255241 5.65424932833 5.81171205763 5.96916470975 6.12670466228 
