range:0-360 
center: -4.17216050625 2.30935327411 0.195348879974
a: -0.00322518521962 -0.00613897678808 0.242595624062 0.00049985587266 0.000997491521296 0.00521716608347 0.0116851559705 0.00135466944306 -0.0046513749214 0.000767378420512 0.00126441301466 0.000749436153258 0.000878690089086 
b: -0.000481952839681 0.0151484878916 0.0259811227117 -0.000235103547473 -0.000255895806804 
c: -0.00214352291918 0.266481926284 -0.00614081224942 -0.00528334368212 -0.00594654291592 0.0121997710072 -0.0070617944591 -0.00162529689183 -0.00409455326941 -0.000752258016762 -0.00107808623725 0.00213002239555 -0.00196363364678 
angles: 0.0272276294494 0.182266003256 0.336536183876 0.490062010849 0.643055770976 0.795787363093 0.948426583626 1.10100488455 1.25352053699 1.4060591464 1.55870877713 1.71156098433 1.86470675546 2.01850791701 2.17354527893 2.32985908776 2.48637216116 2.64315588166 2.80016375774 2.95732807083 3.1156936652 3.27519384598 3.43534541995 3.59596500818 3.75718324548 3.9193736589 4.08264767143 4.24664437094 4.41072488819 4.57424138429 4.73681530628 4.89827565327 5.05858516695 5.21776466465 5.37587874926 5.53288364476 5.6889460646 5.8444528746 5.99975996814 6.1550903073 
