range:0-360 
center: -4.24708682895 3.12792137265 0.155092539375
a: 0.00301112703733 0.00221686162034 0.320160901091 -0.00511968340434 -0.00211500456501 -0.0013086698369 0.013705063338 0.00328001623848 0.00331111746461 -0.0013260318618 -0.00131581075418 -0.00133589094238 0.000506259819078 
b: 0.000459459878103 0.0207477376219 0.0348956142497 -0.000189612474179 -0.000178480485028 
c: 0.00219121827454 0.345585039061 0.00221665623319 0.0064969245375 0.000902214121823 0.011718861153 0.00312425580147 0.00530056191076 -0.000939084107788 -0.000667012370401 0.000488346987043 0.00148946369891 0.00101812004284 
angles: 6.26600776354 0.141191735297 0.300166964417 0.459957648157 0.620381429243 0.781467733235 0.943110901429 1.10508574123 1.26709138884 1.42879069852 1.58990252352 1.75026837595 1.90986563044 2.06867204478 2.22651623236 2.38348988856 2.53977231704 2.69549944232 2.85076216509 3.00574858219 3.16044332379 3.31485914423 3.46923578013 3.62370964682 3.77834702878 3.93314050729 4.08792460668 4.24253014901 4.39687025564 4.55094067856 4.70499890743 4.859339418 5.01405295632 5.16918505282 5.32464166886 5.48036271874 5.63642470536 5.79295005714 5.95011728609 6.10790426126 
