range:1.34632598363 to 2.1485925069 
center: -3.94540059337 5.0738891593 -0.0553019848546
a: 23.1963092685 1.40361559348 -35.354810802 -14.6180861102 -1.00715239636 -0.118063394786 2.43422338696 
b: 0.000393911192058 0.00286800578934 0.000100060229091 
c: -18.5145507803 -1.20370849777 28.327598929 11.8800127452 1.3709044565 0.283482124546 -2.19082947932 
angles: 1.34632598363 1.39796000709 1.45014249862 1.50341178255 1.55817226716 1.61410426705 1.67034888416 1.72586585611 1.77967441783 1.83205695433 1.88345068982 1.93426851169 1.98584321615 2.03877019152 2.09319459707 2.1485925069 
range:2.1485925069 to 4.1345921443 
center: -4.60815095793 5.07198572709 -0.392197926843
a: 49.9326563492 85.3174036109 -18.1779609353 52.5490832663 -23.7459397747 22.3563238436 -15.7919816257 5.94414645173 -5.90045249411 0.752408131278 -1.01497780942 
b: 0.00244303154084 0.00294757762444 -2.19781231347e-05 
c: -401.041961174 -690.345799133 6.6225414709 -434.950597684 8.24581843528 -192.445972923 5.35908042446 -54.3284160473 1.95095036517 -7.55063612541 0.320052975771 
angles: 2.1485925069 2.20402297053 2.25855500362 2.31169063565 2.36361394753 2.41513424323 2.46743083637 2.52155438034 2.57789082065 2.63586470703 2.69419969787 2.75144698613 2.80671003157 2.86004183292 2.91244954567 2.96559016716 3.02115852679 3.08007928221 3.14159213077 3.2031051459 3.26202510539 3.31759465212 3.37073440799 3.42314214864 3.476473873 3.53173762901 3.58898395871 3.64731970137 3.70529354284 3.76163002739 3.81575422986 3.86805079983 3.919570494 3.97149423725 4.02462933314 4.07916172647 4.1345921443 
range:4.1345921443 to 4.93685940928 
center: -5.27090224942 5.07388964477 -0.055302245465
a: -212.37294117 -47.4087175271 -317.695212355 125.801419696 -38.1893332386 9.57459257963 20.4530689888 
b: 0.000176155488037 0.00274933710921 -0.000326016745653 
c: 4.79150516429 0.907159139883 6.38204254935 -1.71407302971 0.119063264353 
angles: 4.1345921443 4.18999004215 4.24441446647 4.29734166708 4.3489164183 4.39973434871 4.45112808222 4.50351059466 4.55731928568 4.61283619564 4.66908085577 4.72501289545 4.7797734319 4.83304280289 4.88522533504 4.93685940928 
range:4.93685940928 to 1.34632598363 
center: -4.6081511325 5.07648750003 0.44197300084
a: 0.0369246501665 -0.0353866194216 0.546580147583 -0.0377993440843 0.118379279208 0.0729041426985 -0.211414145135 -0.0520259752827 0.147763437158 0.016123024508 -0.0618351119381 
b: -0.00197351215722 0.00266198467725 -8.0626220133e-06 0.000110119723458 4.5065109026e-05 
c: -0.121704008972 0.0851030254961 0.00881294104098 0.221505968212 -0.00380703021637 -0.0544233928139 -0.00735350243361 -0.121778370334 0.00765545110221 0.128052042181 0.00287556486192 -0.0838293294799 -0.00899410166219 0.023782377122 0.00501012971797 
angles: 4.93685940928 4.98866274663 5.0412015859 5.09433103726 5.14738618373 5.19983045474 5.25151739652 5.30238115268 5.35236315216 5.40173436007 5.4509899598 5.50059627955 5.55082357188 5.60161362369 5.65263593521 5.70343755007 5.75365565061 5.80313680781 5.85189779911 5.90017258944 5.94823054411 5.99630696228 6.04448962302 6.09271720396 6.14079432262 6.18856112493 6.235984056 4.1935584782e-07 0.0472020831985 0.0946249931863 0.142391777787 0.190469894327 0.238697451289 0.286879164566 0.334955519196 0.383013486498 0.431289151938 0.480050140618 0.529530452364 0.579748726395 0.630550404751 0.681572748287 0.732362262912 0.782589592453 0.832196018111 0.88145113257 0.930822395454 0.98080449089 1.03166830849 1.08335522928 1.13579913123 1.1888544629 1.24198384551 1.29452265975 1.34632598363 
