range:0-360 
center: -4.60815114975 4.87811075846 0.0901720496341
a: -1.49427048391e-07 -9.33114892101e-09 0.60324391376 1.80240917535e-07 -0.0350785189265 -1.39971858351e-08 -0.0495098094813 -1.71686161407e-08 0.0293745821551 1.52304241351e-08 0.0017624653158 1.79437025775e-09 -0.00978994247279 
b: -5.05485073724e-05 0.00274928568927 -2.63891385657e-07 9.12158500094e-05 8.83532422239e-09 -0.000283239422974 -3.83931131383e-09 0.000122039080583 -5.24420185202e-09 -2.14352593035e-05 3.45293849491e-08 1.44164023038e-05 -1.20272547378e-08 
c: -0.00923006253658 0.50201258877 -9.41999728518e-09 0.0166530521467 -1.20235658488e-07 -0.0517128215663 -3.32366497865e-08 0.0222805567714 4.32948045958e-08 -0.00392012237794 -3.23042598409e-08 0.00263412990806 3.03953814336e-08 
angles: 4.07540629243e-07 0.0498539583413 0.0997522352457 0.149718633506 0.199751539005 0.249826737919 0.299926259414 0.350045523365 0.40018150063 0.450353046278 0.500595918246 0.550949259863 0.60144802581 0.652113200574 0.70295103774 0.753975010436 0.805202519702 0.856619353469 0.908179651669 0.959817855814 1.01145929693 1.06306798171 1.11469512746 1.16651167511 1.21871392804 1.27124544033 1.3238108388 1.37632156935 1.42898867309 1.48206949262 1.5355008443 1.5889961964 1.64248080649 1.69583897228 1.74897809896 1.8018558894 1.85450613757 1.90708249252 1.95967430721 2.01229457422 2.06496055066 2.11770893147 2.17054952965 2.22348239406 2.27650878937 2.3296205145 2.38281380665 2.43610133204 2.48949716279 2.54302095697 2.59669789387 2.65056071028 2.70459280349 2.7587534185 2.81300733503 2.86734766731 2.92177476207 2.97635531946 3.03114495522 3.08621419253 3.14159215135 3.19697026519 3.25203853029 3.30682829823 3.36140896065 3.41583702753 3.47017726288 3.52443025465 3.57859086395 3.63262380888 3.68648662031 3.74016352076 3.79368730664 3.84708309373 3.90037116309 3.95356384856 4.00667606281 4.05970239938 4.11263520569 4.16547618724 4.21822423032 4.27089034493 4.32351060102 4.37610242651 4.42867899375 4.48132923922 4.53420698251 4.58734614701 4.64070440314 4.69418901993 4.74768443119 4.80111582859 4.85419669566 4.90686387162 4.95937459951 5.01193996928 5.06447181675 5.11667376933 5.16849040173 5.2201175302 5.27172656628 5.32336798429 5.3750061207 5.42656639511 5.47798320286 5.52921068344 5.5802353907 5.63107246469 5.68173843503 5.73223639113 5.78258962748 5.83283245681 5.88300480971 5.93314076719 5.98325993863 6.0333594207 6.08343551179 6.13346742595 6.18343486496 6.23333215397 
