range:1.33335812524 to 2.13297330014 
center: -3.92777765479 5.2377305683 -0.109181577172
a: 350.921341635 92.0719750712 -525.300271291 -208.74856216 -74.9844388049 -19.3114493455 34.3612021853 
b: -0.00399302614909 0.00216638251195 0.00471337450643 
c: -100.228429424 -35.2949153963 149.017412528 57.6959544926 29.3185775251 7.55550358282 -9.06709952462 
angles: 1.33335812524 1.3990818582 1.47257205642 1.55212229139 1.63367055591 1.71166546587 1.78082382824 1.83790656765 1.88259938788 1.91728167121 1.94607554757 1.9736638515 2.00420300181 2.0405136965 2.08365904701 2.13297330014 
range:2.13297330014 to 4.15021161494 
center: -4.60815051441 5.23581407956 -0.427488208493
a: 2.76402651624 4.58402699557 1.44351357375 2.55430795276 0.816488885193 0.876413239841 0.383474652733 0.142406014649 0.117546428038 
b: 0.00423486396171 0.00553054492931 -0.000626681526227 
c: -364.913484958 -628.134803348 3.09876301524 -395.688771269 3.86266719733 -174.984152209 2.51538799022 -49.3281173505 0.918479427044 -6.84074591333 0.151333889792 
angles: 2.13297330014 2.18651366439 2.24196084659 2.29727594432 2.35141054389 2.40444853309 2.45732937957 2.51122220125 2.56688125038 2.62422976168 2.68240525613 2.74023436472 2.79686631167 2.85219802481 2.9069487339 2.96239914895 3.01983790689 3.07981295059 3.14159193539 3.20337001301 3.26334547077 3.32078458775 3.37623510668 3.43098582062 3.48631740824 3.54295000678 3.60077891398 3.65895439353 3.7163029192 3.77196267562 3.82585491001 3.87873564328 3.93177400212 3.98590841002 4.0412233726 4.09667095358 4.15021161494 
range:4.15021161494 to 4.94982713562 
center: -5.28852463559 5.2377310198 -0.109182295013
a: -355.9045697 -92.0561433601 -532.855502062 211.869060576 -74.973592581 19.3095061915 34.9097375056 
b: -0.0103835004298 -0.00123969164586 -0.0113733122617 
c: 12.9772545634 3.29445104288 17.1807707513 -4.36562306284 1.32990687466 
angles: 4.15021161494 4.19952607891 4.24267165078 4.27898249133 4.309521631 4.33710972165 4.3659031914 4.40058494391 4.44527722434 4.50235954696 4.57151772394 4.64951272345 4.73106131016 4.8106119911 4.8841026339 4.94982713562 
range:4.94982713562 to 1.33335812524 
center: -4.6081507596 5.24049995737 0.458712276458
a: -0.0010136840026 0.00117959615896 -1.96533745092 0.000458443156426 3.52378367415 -0.00132143291375 -2.66129517376 0.00100022818561 1.15905499264 -0.000319095706955 -0.256041814282 
b: 0.00273225306087 -0.00522248631572 -0.000259385855202 0.0039743871931 0.00133665041876 
c: -0.045707249025 0.0273663624803 0.051112863568 0.112538847771 -0.00106340575202 0.0486472118217 -0.0516931784095 -0.0661996720368 0.00278039914763 -0.0547648846422 0.0528919998632 0.0311236595933 -0.00610473023595 0.0286458716555 -0.0545561411033 -0.0350518279931 0.0124599164567 -0.0232031479073 0.0560526127154 0.0321654658799 -0.0245529340069 0.0108006121087 -0.0546923566625 -0.0343161826643 0.0476367358426 0.00315756200581 0.038471829399 0.0289694906922 -0.0880238272437 -0.0282329662673 0.0612222780269 0.00995389630302 -0.0170960022345 
angles: 4.94982713562 5.00800320265 5.06090466354 5.1109575923 5.16041550292 5.21075773272 5.26245375529 5.31506744555 5.36770278737 5.41947717686 5.46990680478 5.51906488577 5.56744596021 5.61571025181 5.66440359705 5.71376786695 5.76365779297 5.81364632575 5.86320356074 5.91191783953 5.95960999619 6.00635939861 6.05244426596 6.09823414546 6.14407399445 6.19018151458 6.23659214354 7.07922787679e-07 0.0465944497815 0.0930059289621 0.139112255797 0.184952966002 0.230741887679 0.276826760797 0.323577114652 0.371268481261 0.419982773779 0.469540772564 0.519528518475 0.569417816272 0.61878217754 0.667475727544 0.715740137514 0.764120829699 0.813279042635 0.863709202535 0.915483099792 0.968118472929 1.02073206606 1.07242775679 1.12277005027 1.17222789977 1.22228087523 1.27518223077 1.33335812524 
