range:0-360 
center: -4.60815113783 4.77105500698 0.104502152822
a: -1.44466600796e-07 5.95034073279e-09 0.583362188131 1.86945539593e-07 -0.0297738856791 -4.59815090609e-08 -0.045248087957 -3.55548873866e-08 0.0286464671073 3.19219909004e-08 -0.00243282382358 1.30848955048e-08 -0.00769818151206 
b: -1.95850203506e-05 0.00266160061113 -2.41980194137e-07 0.000123888866734 2.70063325199e-08 -0.000285347250355 3.19243907594e-08 0.000130000693849 -3.56799179347e-08 -2.41309257693e-05 -2.45824776501e-08 1.52238323903e-05 -1.724278906e-08 
c: -0.00357620919355 0.486005330253 4.77596264027e-09 0.0226303101505 -1.01609675453e-07 -0.0521051482463 -3.6061034542e-08 0.0237381367122 4.90272678817e-08 -0.00440707771944 -4.87189419455e-08 0.00278458441684 2.50533008739e-08 
angles: 3.81946731149e-07 0.0513857430437 0.102784263609 0.154199857634 0.205630786251 0.257079407492 0.308543762762 0.360019580248 0.411508328109 0.463009838857 0.514539852669 0.56610882719 0.617729565561 0.669412479855 0.721182521265 0.77305692327 0.825014632766 0.877009750399 0.929009681109 0.981017312556 1.03303669415 1.08510959068 1.13724182424 1.18942259545 1.24163770548 1.29391567258 1.34630153062 1.39880739611 1.45139123254 1.50395254099 1.5565446326 1.60932906458 1.66209074642 1.71473096117 1.76743875264 1.82010488154 1.87265055275 1.92511961958 1.97757976658 2.03005489582 2.08254317035 2.13504937877 2.18759188474 2.2401692437 2.29278265053 2.34542926905 2.39810577757 2.45082660413 2.50358980524 2.55640157085 2.60926785225 2.66220315152 2.71520789618 2.76827158623 2.82138809516 2.87455679754 2.92778522681 2.98108535699 3.0344779372 3.0879804106 3.1415921549 3.19520401657 3.24870667281 3.30209817479 3.35539839664 3.40862686765 3.46179662112 3.51491309323 3.5679767246 3.62098144852 3.67391671999 3.72678299965 3.77959469397 3.8323585236 3.8850786282 3.93775508444 3.99040218248 4.04301556491 4.09559290167 4.14813538752 4.20064159833 4.25313018113 4.30560529695 4.35806543301 4.41053448 4.46308021238 4.51574640908 4.56845419999 4.62109442708 4.67385618742 4.72664064307 4.77923282345 4.8317941546 4.88437803908 4.93688395212 4.98926980434 5.04154804086 5.09376323501 5.14594408658 5.1980762976 5.2501492169 5.30216856992 5.35417612661 5.40617602863 5.45817170871 5.51012939365 5.56200384887 5.61377393196 5.66545603939 5.71707673485 5.76864652554 5.82017651838 5.87167800474 5.92316663938 5.97464240351 6.02610674792 6.07755528028 6.12898621333 6.18040178437 6.2318013339 
