range:5.62111619528e-07 to 2.11914433254 
center: -4.22804471754 5.26585606606 0.399003966682
a: -1.78655868292 1.55470427342 2.36428244041 0.0456340176124 -1.20531795631 -0.194683354859 0.159738922475 
b: -0.00231835740929 0.00317017397682 0.000239647229548 -0.000343267214424 0.000429271706762 
c: 1.45688035159 -1.03573927368 -2.44818313184 -0.6156553525 1.34733576815 0.292085245868 -0.0558657310025 
angles: 5.62111619528e-07 0.0491206749528 0.098396351567 0.147850916049 0.197469279474 0.247241212439 0.297171815651 0.347269126872 0.397534054692 0.447993357818 0.49865301855 0.549476823619 0.600419198044 0.651442820428 0.702506541834 0.753650390538 0.804903314529 0.856299125835 0.90782841026 0.959501913443 1.01130679316 1.06327011706 1.11543323541 1.167759369 1.2201504562 1.2725139565 1.32488428493 1.37726342978 1.4300322909 2.06686239913 2.11914433254 
range:2.11914433254 to 3.738994769 
center: -4.46956293045 5.26129856417 -0.433208605935
a: 0.499010509188 0.713813059399 0.473997236319 
b: 0.00466934377016 0.00541013171594 -0.00150372200901 
c: 0.451015198275 0.517631205565 -0.0843165264255 
angles: 2.11914433254 2.17172791687 2.22459628727 2.27764247309 2.330787231 2.38401649961 2.43731669249 2.49070021165 2.54419024917 2.59783268355 2.65163684632 2.70558597612 2.75963169284 2.81375845334 2.86799006095 2.92234221367 2.97682344976 3.03151130636 3.08645156195 3.14159216982 3.19673191635 3.25167242922 3.30636049094 3.36084177073 3.41519474349 3.46942626694 3.52355293406 3.5775985433 3.63154760615 3.68535176316 3.738994769 
range:3.738994769 to 5.88565202715 
center: -5.09696658965 5.26454513304 0.15956212436
a: 0.0802402782161 -0.15116320348 -0.114471856448 
b: -0.00244676251524 0.00221079932119 -0.00368032304721 
c: -0.110888358762 0.543152175283 -0.0669538512389 
angles: 3.738994769 3.79248470906 3.84586759642 3.89916818135 3.95239736709 4.00554204094 4.05858817431 4.11145691561 4.16404048946 4.21632249576 4.85315301608 4.90592189537 4.95830109881 5.01067143806 5.06303510601 5.11542619414 5.16775228305 5.21991571858 5.27187906983 5.3236838906 5.37535733149 5.42688658833 5.4782822929 5.52953568041 5.58067935984 5.63174298746 5.68276712265 5.73370940435 5.78453307528 5.83519267521 5.88565202715 
