range:1.3405267999 to 2.14770642267 
center: -3.92975159177 5.18654339017 -0.0695000151072
a: 104.175404697 0.804581894377 -160.229196941 -68.991702871 -0.685044082821 -0.138194937946 12.9436498932 
b: -0.000433879936354 0.00282279290896 0.000980211407767 
c: -112.40860956 -24.2064459094 169.267893224 68.3174482291 20.4132479471 5.31662457043 -11.5925572504 
angles: 1.3405267999 1.39255636876 1.44844090416 1.50857785084 1.57068277241 1.6323696361 1.69142091746 1.74647972817 1.7974391387 1.84532192696 1.89183165536 1.93880161273 1.98769285572 2.03892373232 2.09254729129 2.14770642267 
range:2.14770642267 to 4.13547812211 
center: -4.60815053914 5.1845844665 -0.419202364292
a: -4.58621648188 -7.87129558982 -18.3656563461 -4.9129974195 -23.979889973 -2.13632212995 -15.8863232077 -0.585297025253 -5.89636780982 -0.0769322161292 -1.00847075434 
b: 0.00288297331438 0.00356345758845 -0.000157939983404 
c: -321.655170263 -553.980140337 6.06490045174 -349.556731381 7.55392981018 -155.016943571 4.91207521874 -43.8888722427 1.78959757982 -6.12905784132 0.293882892592 
angles: 2.14770642267 2.20321293119 2.25790377942 2.31116101483 2.36314570786 2.41476710311 2.46721644487 2.52145793538 2.57774676782 2.63548766948 2.69345120981 2.75033181949 2.80538593268 2.85878541336 2.91155214525 2.96523322132 3.02130031906 3.08037058607 3.14159173454 3.20281198835 3.2618827115 3.31795017598 3.37163141255 3.42439895006 3.4777983149 3.53285226201 3.58973267976 3.64769616482 3.70543711744 3.76172601511 3.81596754329 3.86841688327 3.9200386762 3.97202368638 4.02528028947 4.07997146421 4.13547812211 
range:4.13547812211 to 4.94265861648 
center: -5.28655123211 5.18654384837 -0.0695006065562
a: -138.503416538 -9.52414936065 -211.440396823 89.1302332675 -7.7366379824 1.93347177334 16.1988302526 
b: -0.00200109625056 0.00196822360782 -0.00260927160038 
c: 6.3333510895 1.54948350823 8.4027679209 -2.20403237742 0.436021456235 
angles: 4.13547812211 4.19063719997 4.24426102686 4.29549187796 4.34438313175 4.39135304384 4.43786267526 4.48574533999 4.53670463976 4.59176339321 4.65081469704 4.71250166169 4.77460720054 4.83474433323 4.89062907915 4.94265861648 
range:4.94265861648 to 1.3405267999 
center: -4.60815078132 5.18928328071 0.459611952623
a: 0.00168932402196 -0.00117576377499 0.44236453659 -0.00226093063255 0.217096925786 0.00210163189079 -0.129949934633 0.00111314979834 -0.0315893958983 -0.00279872786661 0.0475976160416 0.00149440705795 -0.0235296624699 
b: -0.00111224622928 0.00114671004821 -5.96368024811e-05 0.000907006827698 0.00032836292703 
c: -0.10243306173 0.0660039782929 0.0219199312378 0.197785386363 -0.0143500197401 -0.022449151832 -0.0133313025097 -0.136409496089 0.0291304999052 0.0901771625933 -0.0215190748851 -0.0415327508305 0.00670871326694 
angles: 4.94265861648 4.99225681373 5.04088477732 5.0899104129 5.14035509501 5.19257613668 5.24613610286 5.30012373843 5.35341474176 5.40515711065 5.45508546543 5.50358116721 5.55147147612 5.59968878232 5.64894864744 5.69953852063 5.75119629222 5.80319574326 5.85462644835 5.90471303926 5.95307920313 5.99985172693 6.0456180748 6.09125001391 6.13756863756 6.18507203567 6.23376699199 9.43256450778e-07 0.049420091334 0.0981148573505 0.145617996765 0.191937460234 0.237569323665 0.283335665235 0.330107374331 0.378473545206 0.428561062121 0.479991782635 0.531990365791 0.583648246853 0.634238117257 0.683497412559 0.731714855886 0.779604795598 0.828100641826 0.878029099939 0.929771044765 0.983062441356 1.03704963393 1.09060961114 1.14283026901 1.19327517259 1.24230079891 1.29092858523 1.3405267999 
