range:1.33045972844 to 2.13033224299 
center: -3.90967303363 5.2633366278 -0.113692694885
a: 409.274761119 93.7235049224 -614.048806717 -245.723141797 -76.3071239458 -19.6272709349 40.9377159518 
b: -0.00393463790869 0.00219334043957 0.00464736688079 
c: -146.565636855 -41.4118477079 218.984301711 86.2591260802 34.2765197685 8.81524927256 -14.0022071045 
angles: 1.33045972844 1.39642170769 1.46991779971 1.54911529821 1.62998617475 1.70722271044 1.77588506448 1.83297199733 1.87816763668 1.91363537404 1.94320195949 1.9713197822 2.002060035 2.03829921712 2.08123380657 2.13033224299 
range:2.13033224299 to 4.15285247757 
center: -4.60815053373 5.26141424071 -0.430599510168
a: -3.47890978488 -5.74989720996 1.38430384519 -3.17137853926 0.738593895516 -1.06994747558 0.334367154416 -0.169840155921 0.104441574871 
b: 0.0041998755035 0.00549069325303 -0.000617419708361 
c: -340.873416334 -587.031854724 4.00887424595 -370.330838299 5.00302256842 -164.180156963 3.26444764504 -46.4584699286 1.19535707385 -6.48180457891 0.197689591118 
angles: 2.13033224299 2.18371254337 2.23912571772 2.2945012821 2.34874489476 2.40190314687 2.4548915149 2.50888254321 2.56464827645 2.62212354073 2.68045587228 2.73846956311 2.79530168997 2.85083853689 2.90579383978 2.96145503136 3.01914595349 3.07943914577 3.14159184948 3.20374364161 3.26403726499 3.3217285476 3.37738986402 3.43234599408 3.48788270945 3.54471467995 3.60272822289 3.66106050109 3.71853582779 3.77430223528 3.8282932148 3.88128095865 3.93443956265 3.98868303482 4.04405848869 4.09947166317 4.15285247757 
range:4.15285247757 to 4.95272544531 
center: -5.30662942456 5.26333712041 -0.113693776196
a: -228.640057702 -52.2748851222 -344.01331358 138.846347389 -42.7336082731 11.0566650608 23.4624275038 
b: -0.0102317298706 -0.00114885628421 -0.0112185800195 
c: 10.4123790595 2.47034393574 13.7833816403 -3.53445959072 0.896963857059 
angles: 4.15285247757 4.20195108546 4.24488581739 4.28112503029 4.31186513739 4.33998261718 4.36954869792 4.40501585565 4.45021095999 4.50729752683 4.57595977872 4.65319650645 4.73406781624 4.81326587004 4.88676250267 4.95272544531 
range:4.95272544531 to 1.33045972844 
center: -4.60815078128 5.26610430183 0.456749801135
a: -0.0531657345178 0.0608215266938 -1.46443582635 0.0267432825332 2.86510621157 -0.0718757741561 -2.18847128953 0.053268597901 0.956284758091 -0.0164601585792 -0.213034265841 
b: 0.00270096378767 -0.00517102206362 -0.000263423157011 0.00393764595045 0.0013208961812 
c: -0.114556687145 0.065125622212 0.0242728644268 0.212654636067 -0.00571390062914 -0.0120136887337 -0.0232006712689 -0.155740514773 0.0123363446612 0.0539488432021 0.0196882266215 0.0814845422097 -0.0202784203645 -0.147648994005 -0.00902187475337 0.0931962415819 0.0237758541851 -0.0301603252525 -0.0120843244821 
angles: 4.95272544531 5.01122664185 5.06437034355 5.11457624089 5.16412512516 5.21451851102 5.26624526273 5.31889628455 5.3715787983 5.42339403693 5.47382759952 5.52292417523 5.57116365019 5.61922701803 5.66769603287 5.71684898518 5.76655410267 5.81638414697 5.86579422428 5.91433032173 5.96178617277 6.00823228759 6.05395719609 6.09936570629 6.14484595298 6.190646295 6.23680881369 7.94666506408e-07 0.0463790290007 0.0925402551204 0.138340448788 0.183820588996 0.229229097402 0.274954048616 0.321401125645 0.368856149837 0.417392211222 0.466802309001 0.516632405358 0.566337516735 0.615489907533 0.663958984745 0.71202253116 0.760261619686 0.809358329638 0.85979191518 0.911607168169 0.964289661767 1.01694057354 1.06866698061 1.11906042522 1.168609358 1.21881514049 1.27195877925 1.33045972844 
