range:0-360 
center: -4.60815113386 5.00657798052 0.0732139134489
a: -1.53031150666e-07 -1.52973751838e-09 0.621849160082 1.91386927339e-07 -0.0382943212432 -1.21506310538e-08 -0.0516567658771 -1.8572932305e-08 0.0268204245854 -5.78552864464e-09 0.00381856088244 2.09885426535e-09 -0.0101040972001 
b: -8.71512641739e-05 0.00283234572987 -2.72074336313e-07 3.57064404885e-05 2.65240347083e-08 -0.000290225878104 6.94754425486e-08 9.79068832267e-05 -1.52690315094e-08 -2.79833039326e-05 -2.5480431066e-08 5.2195057698e-06 -1.85670533385e-08 
c: -0.0159135854992 0.517177480203 -8.9687932871e-11 0.00651853763269 -1.17850017503e-07 -0.0529917215704 -1.09386061311e-08 0.0178721663309 5.2225600368e-08 -0.00511238347626 -2.62432347397e-08 0.00095349157365 3.51091281877e-08 
angles: 3.78735811327e-07 0.047978745682 0.0960269855955 0.144183697521 0.192458300977 0.240824060356 0.289273374238 0.337802472803 0.386448856359 0.435279737311 0.484336698656 0.533649145195 0.583158574013 0.632853594145 0.682751764459 0.732863329982 0.783141563749 0.833604335855 0.88427765822 0.935066253866 0.985961915738 1.03714244463 1.08876170347 1.14073312371 1.19290104423 1.24519421629 1.29789287789 1.35117436696 1.40483473074 1.45847019888 1.51213500658 1.56589846199 1.61970136019 1.67348502919 1.72716882226 1.78061931307 1.83379044592 1.88674676443 1.93964991123 1.99257865241 2.04554796573 2.09859240606 2.15173098617 2.20498904093 2.25838558165 2.31197283323 2.36577924329 2.41982353208 2.474091925 2.52854740795 2.58322207724 2.63816413023 2.69336136517 2.74874165845 2.80424622502 2.85987120267 2.91565022811 2.97158399406 3.02776980393 3.08441552417 3.14159222767 3.19876907926 3.255413909 3.31160084696 3.36753363443 3.42331262641 3.47893759129 3.53444211465 3.58982316286 3.64502037992 3.69996244287 3.75463709555 3.80909317319 3.86336090178 3.91740573173 3.9712121159 4.0247992715 4.07819575276 4.13145378654 4.18459234758 4.23763710682 4.29060622667 4.3435349735 4.39643827063 4.44939450392 4.50256573377 4.55601625091 4.60970012989 4.6634838073 4.71728673991 4.77105024702 4.82471507672 4.87835054213 4.9320110341 4.98529254109 5.03799124279 5.09028470856 5.14245231206 5.19442406367 5.24604295646 5.29722394329 5.34811961993 5.39890814109 5.44958147329 5.50004417059 5.55032301053 5.60043461575 5.65033271531 5.70002770234 5.74953713024 5.79884946064 5.84790647495 5.89673730231 5.94538368018 5.99391368573 6.04236198696 6.09072772985 6.13900232787 6.18716006337 6.23520731011 
