range:1.34465205207 to 2.14577388863 
center: -3.91015739739 5.23747143149 -0.0669449218548
a: 299.552721234 86.5863855552 -446.998146475 -175.900927557 -70.0995087666 -17.8426297529 28.4477063337 
b: 0.00677579244193 0.00540697196386 -0.00615764310454 
c: -91.7971863319 -33.2483185954 136.531000301 52.9918796408 27.6329592535 7.10750747693 -8.38668293415 
angles: 1.34465205207 1.39654126073 1.44196630302 1.49551118427 1.54746423431 1.59538672038 1.64662438133 1.7136849566 1.77286243335 1.82479963572 1.88327234462 1.95530619171 1.99847358696 2.04020009443 2.09283220142 2.14577388863 
range:2.14577388863 to 4.13673205008 
center: -4.6081505144 5.23571395874 -0.427492326176
a: 174.443822545 298.216213574 1.45876012173 183.961025991 0.755269575293 78.4657122533 0.263011671317 20.9386523465 0.0243275023844 2.66298494185 -0.0285039899588 
b: 0.00116384923229 0.00139936594258 2.68039701514e-05 
c: 2924.76940271 5147.40157597 -87.5773753054 3482.93211661 -117.314822955 1770.2889453 -87.8532577309 643.505604567 -41.4402143814 150.925120722 -11.6873859133 17.4402596359 -1.5318962857 
angles: 2.14577388863 2.19909844783 2.25271529209 2.3064892377 2.36041592627 2.41447497674 2.46871392868 2.52315241681 2.57788026082 2.63295736018 2.6883490128 2.74394651774 2.79971198595 2.85568593356 2.91190801945 2.96839922041 3.02529632439 3.08271246639 3.14057172251 3.19846549257 3.25596503423 3.31296034249 3.36954603781 3.42585294622 3.48190657785 3.53774834495 3.59341759867 3.6488805503 3.70403213273 3.75883834639 3.81335464926 3.86767029691 3.921804859 3.97580428213 4.02964948385 4.08333676619 4.13673205008 
range:4.13673205008 to 4.93883273955 
center: -5.30961477756 5.23750132322 -0.0707537459675
a: -21073.1840496 -4908.07181784 -33558.2786771 16537.1083039 -4936.83788062 2136.52019937 4605.97686066 -553.973674089 361.023444473 
b: 0.00719918069548 0.00565793181794 0.00658875402814 
c: -326.402914677 -87.7755533476 -486.775788971 191.038068126 -71.6332353552 18.2666389977 30.7966977529 
angles: 4.13673205008 4.18974508791 4.24244795809 4.28270599762 4.33268782335 4.38970465903 4.44408679441 4.50365411066 4.56713927045 4.6264206296 4.6771019658 4.72324484282 4.78140287706 4.82588503313 4.88627762899 4.93883273955 
range:4.93883273955 to 1.34465205207 
center: -4.60815075961 5.24056731137 0.458715046536
a: -0.00536106420158 0.00221482892453 0.355667600454 0.0075528899944 0.259562581187 -0.00289913243171 -0.0570928753998 -0.00722102317704 -0.121173338667 0.00464279950993 0.0329063252303 0.00608414784428 0.0612694269452 -0.00687585636506 -0.0389052769557 -0.00255699482839 -0.0308286570811 0.00766679527657 0.0380945801439 -0.00401293280502 -0.0127557320483 
b: -0.00647068732607 0.0101286938875 -2.45436221144e-06 -0.00348628579726 -9.68274818919e-05 
c: -0.0410028752898 0.0273743858483 -0.0295042137276 0.107657411862 0.00733251153805 0.0458178828573 0.028585275355 -0.0664248003605 -0.0161444953273 -0.0510249205313 -0.0251279732696 0.0373253914224 0.0283152896339 0.0177224165198 0.0131017343186 -0.0502275234524 -0.0442803180302 0.0270172069999 0.0353875075265 -0.00701317548668 -0.0113839689153 
angles: 4.93883273955 4.99077564499 5.04290658172 5.09507215961 5.14726062277 5.19933883174 5.25116711291 5.30262489069 5.35379816018 5.40473355917 5.45540464324 5.50585388449 5.55609683291 5.60617100097 5.65610597312 5.7059764303 5.75573124927 5.80529652688 5.85455493022 5.90347551501 5.95206819468 6.00036377112 6.04837298654 6.09610414524 6.14357319347 6.19076011206 6.23763988441 0.00106188609411 0.0476439367738 0.0944734239269 0.141600355907 0.189009647631 0.236678647808 0.284624413163 0.33285495716 0.381378232156 0.430226813342 0.47941088202 0.528898810942 0.578578325291 0.628377243562 0.678244042826 0.728250628117 0.778425234457 0.828805683503 0.879407263151 0.930270502073 0.981371218641 1.03275501474 1.08450713732 1.13650953482 1.18862345404 1.24071690514 1.29277740931 1.34465205207 
