range:1.34677336022 to 2.14835053953 
center: -3.92571912706 5.18627738953 -0.0646893128287
a: 316.519197117 98.5539282187 -468.067652546 -179.006097462 -78.4190194786 -19.3407812164 27.4502574663 
b: 0.00643912801316 0.00515032278065 -0.00582597919214 
c: -28.8572387923 -2.84224540218 44.6969943303 19.4300956594 3.12831663152 0.911177633631 -3.72047698116 
angles: 1.34677336022 1.39783810746 1.44976556194 1.50341226756 1.55836889799 1.60278700083 1.65587605015 1.72443596838 1.78371794746 1.83681305232 1.89601801124 1.93930253007 1.98855288674 2.04190340239 2.09513394739 2.14835053953 
range:2.14835053953 to 4.1341051971 
center: -4.60815054017 5.18452771934 -0.419047003662
a: 0.174308699388 0.273072306059 0.565397277517 0.12369555191 -0.170687021328 0.0256161340048 -0.132702054389 
b: 0.00110789824762 0.00128431788048 0.000106402302105 
c: -28975.1705967 -51765.1192076 400.062162284 -36726.8767808 564.93595353 -20390.4869608 466.521985923 -8603.6141721 259.164378657 -2614.58973935 96.7002428712 -514.20559495 22.2587930105 -49.7014811108 2.42251560526 
angles: 2.14835053953 2.20174403028 2.25533408621 2.30908578289 2.36292430452 2.41689108296 2.47101656566 2.52537271886 2.58000771416 2.63496504702 2.69021443475 2.74565921024 2.80125183395 2.85703759309 2.91304414048 2.96930848053 3.02592564481 3.08301180704 3.14051725678 3.19806016436 3.25523441033 3.31195272403 3.36831267257 3.42440745785 3.48027506125 3.53594563839 3.59146444831 3.64678783077 3.70182281887 3.75653892764 3.81097733754 3.86518458636 3.91923147085 3.97314774256 4.02697368517 4.08063802603 4.1341051971 
range:4.1341051971 to 4.93673541127 
center: -5.29422208667 5.18627876043 -0.0681664268486
a: -13.5420289267 -5.16621074021 -18.0814624539 4.54370319921 -2.74830856968 
b: 0.0075507016028 0.00576297148073 0.00696794358151 
c: 8.03726428482 1.84164112613 10.6816345751 -2.7772501553 0.582148896767 
angles: 4.1341051971 4.18739443708 4.2406950967 4.29411245335 4.33341669873 4.37836214088 4.43479668705 4.49488906008 4.56009801488 4.61674580086 4.66945838661 4.71791910394 4.77987019531 4.83359780723 4.8856007844 4.93673541127 
range:4.93673541127 to 1.34677336022 
center: -4.60815078562 5.1893396811 0.459606957707
a: -0.00793973985639 0.00336241689892 0.276953891648 0.0113531113161 0.273160978608 -0.00427027512757 0.0177192318811 -0.0108955373958 -0.153537340734 0.00675716617623 -0.0323525489985 0.00918948234924 0.12151390801 -0.0100961795887 -0.00174594435611 -0.00409662541752 -0.129126491715 0.0114985355453 0.109934601477 -0.00590827461853 -0.0336452219252 
b: -0.00635235141553 0.00992946346497 3.42691459335e-05 -0.00338944899451 -0.000233656669409 
c: -0.0591070375276 0.0370549364391 0.00135918592233 0.135713043349 -0.000155387161526 0.0344850071482 -0.00132061295493 -0.0916020081991 0.00041889828107 -0.0331427078207 0.00128646790664 0.0550486172851 -0.000848113112785 -0.00783842882729 -0.00122979648233 -0.0497741579966 0.00132024630358 0.0441809581023 0.000266029007411 -0.0161804966668 -0.000793734779842 
angles: 4.93673541127 4.9880656086 5.03974267223 5.0915814141 5.14347131089 5.19533976294 5.24702902337 5.29852747755 5.349758479 5.4006814635 5.4513189206 5.5017553677 5.55208254527 5.60233293631 5.65249595001 5.70258023844 5.75255069404 5.80231702608 5.85180637112 5.90098200823 5.94985473272 5.99843915299 6.04674418192 6.09480220614 6.14259030879 6.19008040063 6.23728650136 0.00110707067993 0.0480943405623 0.0952576098648 0.142690060249 0.190414241113 0.238405138789 0.286642327735 0.33515503626 0.383953873296 0.433053393234 0.48246282884 0.532147361422 0.582038150579 0.632045944143 0.682135000128 0.732314104703 0.782570955576 0.832937939255 0.883504289231 0.93435289523 0.985507818665 1.03692799009 1.08853934823 1.14032963762 1.19214372365 1.24390829558 1.29551302292 1.34677336022 
