range:1.34411742408 to 2.14685713642 
center: -3.94153110683 5.07378718257 -0.0591975956632
a: -143.152296025 -46.8764325576 212.231316704 82.0212714401 38.1770951641 9.92355870697 -12.9672567504 
b: 0.000821742453478 0.00380222842709 -0.000165855568747 
c: 1.88899975463 7.08167932638 -1.66904241328 0.625287107272 -5.32293330139 -1.41995535624 -0.532200684329 
angles: 1.34411742408 1.39770295659 1.46039753391 1.51398945719 1.56766604823 1.62141429155 1.67515945227 1.7287973786 1.78225343153 1.83544723241 1.88844207369 1.94135687504 1.98720743242 2.04031143061 2.09353038293 2.14685713642 
range:2.14685713642 to 4.13632760347 
center: -4.60815095901 5.07196445723 -0.392071251934
a: -7.14795583924 -11.8132326842 1.66657399971 -6.51398657666 1.10067599168 -2.19639818619 0.519701192697 -0.348229804679 0.134422306217 
b: 0.00306276552367 0.00403008553583 -0.000516646288293 
c: 68569.4329659 115382.050406 9350.85942727 64995.3336344 14587.0784376 16617.7081557 14332.0967757 -9332.88208943 10359.2960043 -13558.2064144 5676.17096075 -8216.02078032 2327.50584192 -3018.83975935 680.755428812 -660.670297305 127.691386362 -67.5485334864 11.6242802546 
angles: 2.14685713642 2.20027728393 2.25381661967 2.30753865239 2.36150921712 2.41571801037 2.47014736194 2.52481477979 2.57975259915 2.6349404545 2.69036657444 2.74596960351 2.80173252044 2.85767581777 2.91381327192 2.97016606827 3.02681233078 3.08394579115 3.14159223002 3.19923879068 3.2563713732 3.31301874064 3.3693705618 3.42550805797 3.48145135098 3.53721506754 3.59281723031 3.64824408822 3.70343187383 3.75836967396 3.81303769417 3.86746698595 3.92167514501 3.97564618981 4.02936773889 4.08290747653 4.13632760347 
range:4.13632760347 to 4.9390679257 
center: -5.27477166057 5.07378774882 -0.0591978474112
a: 357.043077223 98.6051234869 531.507175196 -207.81072074 79.9919601788 -20.5611108644 -33.3708413244 
b: -0.00440549797518 0.000955127174807 -0.00525060224181 
c: -16194.9984819 -4260.00456448 -25703.4881449 12534.4461331 -4273.12258005 1840.20102211 3425.99728092 -399.913215112 308.762262334 
angles: 4.13632760347 4.18965433785 4.24287327264 4.29597744662 4.34182799609 4.3947428628 4.44773788172 4.50093160913 4.55438769327 4.60802562661 4.66177089062 4.7155191581 4.76919578922 4.8227877642 4.8854823518 4.9390679257 
range:4.9390679257 to 1.34411742408 
center: -4.60815113241 5.07653261531 0.442059445652
a: -0.00576602829349 0.0026624127926 0.430458380894 0.00853873522465 0.21478583184 -0.00321455723432 -0.152128916844 -0.00807706585364 -0.0540693870766 0.00511971896383 0.126539256604 0.00670004105192 -0.0381606013563 -0.00760836679497 -0.0972862237624 -0.00271545908624 0.119078405263 0.00820823220367 -0.0584502413055 -0.0042459423265 0.0116908316092 
b: -0.0011083512079 0.00112313743102 -0.000186417940926 0.000744362335727 0.00108672548692 
c: -0.0483146848241 0.0334673908952 -0.0356408301339 0.121587190409 0.00859917643877 0.0427183233858 0.0345085589894 -0.0682127255132 -0.0190434540483 -0.0332050123633 -0.0304208954729 0.0394483732179 0.0335828648111 0.0018060735201 0.0163552064339 -0.0316723919446 -0.0525857726738 0.0265624020775 0.0410388521939 -0.00955663485852 -0.0127276520366 
angles: 4.9390679257 4.99245294557 5.04555500983 5.09803832118 5.14958632365 5.20035409769 5.25088919685 5.3015247392 5.35216770093 5.40271977073 5.45315944458 5.5034910136 5.5537430365 5.60389889461 5.65391771351 5.70374797141 5.7533714339 5.80278895479 5.8519312566 5.90078656058 5.94933349472 5.99760690432 6.04564952964 6.09350848331 6.14117088401 6.18864259329 6.23595767092 4.03433631977e-07 0.0472284341221 0.0945434847605 0.142015168935 0.189678552225 0.237537481987 0.285579166602 0.333852519398 0.382399474902 0.431255672868 0.480397972648 0.529814647067 0.579438276434 0.629268590924 0.679287437407 0.729442758403 0.779694816958 0.830026497894 0.880465680019 0.931017821526 0.981660896532 1.03229651045 1.08283159134 1.13359899454 1.18514717125 1.23763039765 1.29073242193 1.34411742408 
