range:1.34290637436 to 2.14436581892 
center: -3.88775189221 5.26310500503 -0.0673050268087
a: 18.7822087602 7.43707094626 -29.9818576619 -14.0978897555 -6.43999389809 -1.7738175705 2.88337008943 
b: 0.00664471988847 0.00538555992037 -0.00604517299614 
c: -31.7673203039 -19.7178924386 46.5838394468 17.1577748037 16.5448635714 4.21288909598 -2.46844328925 
angles: 1.34290637436 1.39591192741 1.44262485866 1.49591032383 1.54556759273 1.59119285139 1.65049499532 1.70308366456 1.75989234718 1.80957153454 1.86860294389 1.93251795818 1.98867482275 2.03932720833 2.0916817846 2.14436581892 
range:2.14436581892 to 4.13852144742 
center: -4.60815053373 5.26131289714 -0.430603603253
a: 1364.55197529 2388.64271578 216.810398996 1589.84279139 290.512971048 785.262584719 218.948752641 273.515831802 104.396545784 60.4230303432 29.9033831678 6.41801256161 4.01535438372 
b: 0.00121435963214 0.00146640485143 2.14792599751e-05 
c: 2520.6042396 4439.92853419 -95.3342465798 3012.07986184 -127.69212474 1537.74751391 -95.6046939415 562.525387417 -45.0801253081 133.045192005 -12.7059976456 15.5451993716 -1.66348744223 
angles: 2.14436581892 2.19762491555 2.25124545646 2.30506723954 2.3590630445 2.41320490837 2.46751892344 2.52205449886 2.57690955781 2.63210617227 2.68761099451 2.74332238303 2.7992075441 2.85531733968 2.91168516927 2.96832841089 3.02541618348 3.08305494126 3.14113995413 3.19923981942 3.2569157282 3.31404800983 3.37073438184 3.42714119826 3.48328655967 3.53920549171 3.59494887214 3.65048527395 3.70571470543 3.76060438901 3.81517448533 3.86952190416 3.92369729346 3.9777252196 4.03157855066 4.08523030799 4.13852144742 
range:4.13852144742 to 4.94041056255 
center: -5.33008611202 5.26310440898 -0.071747761438
a: -539.49664408 -134.66283957 -807.218977038 320.25570011 -109.385671381 28.0075953692 52.5161278942 
b: 0.00699731067537 0.00557846019861 0.00638257105001 
c: -400.815715962 -108.084549113 -597.579311308 234.374828241 -87.9949710252 22.3977404663 37.7416496608 
angles: 4.13852144742 4.1912381454 4.24335195416 4.28951653012 4.347256324 4.40404780821 4.45847978032 4.51549293182 4.57642129429 4.62796491331 4.68141826087 4.72563922348 4.78153653285 4.83019628489 4.88731406947 4.94041056255 
range:4.94041056255 to 1.34290637436 
center: -4.60815078128 5.26617247842 0.456752554666
a: 0.00906612691183 -0.00364544012224 0.434157608747 -0.0139552864845 0.242154988775 0.00315487720614 -0.133695818847 0.0144014926511 -0.083161243656 -0.00520756147607 0.100394264291 -0.0149439985298 -0.00742411593347 0.00988187908182 -0.076429297825 0.0139222411222 0.080103477064 -0.022312855797 -0.046758782536 0.0102937795272 0.0132557295015 
b: -0.006418558316 0.0100344165523 -7.39975920828e-07 -0.0034414021045 -7.43576363061e-05 
c: 0.158780481614 -0.101833759728 -0.0512538674903 -0.170053186791 0.0180223439974 0.265906428279 0.0446146977653 0.126552853279 -0.0358126424223 -0.396191736663 -0.0280269703746 0.0525002274471 0.0492428767573 0.415267631376 -0.00403158343813 -0.529671414961 -0.0396109871138 0.302843769027 0.036463785852 -0.0793350012516 -0.0119924389638 
angles: 4.94041056255 4.99269103609 5.04495200868 5.0971969971 5.14949033921 5.201655467 5.25350814469 5.30498085818 5.35615468303 5.40708270258 5.45774309889 5.50815717358 5.55831024824 5.60826509383 5.65807593057 5.70781781718 5.75741308962 5.80679563687 5.85588380276 5.90461438692 5.95300047577 6.00108884638 6.04888604121 6.09640551049 6.14365739308 6.19062382358 6.23727972244 0.000470699596295 0.0468367655647 0.0934685504367 0.140409067335 0.18763446973 0.235127249991 0.282896913002 0.330957543367 0.379312990188 0.428012034908 0.477067204472 0.526416413863 0.575978885788 0.625688418367 0.675468965043 0.725393925845 0.775516216671 0.825899309553 0.876528105127 0.92742396797 0.978565289868 1.03000488236 1.08182338333 1.13395453102 1.18621454358 1.23842722268 1.29065680197 1.34290637436 
