range:0-360 
a: -2.7259897996e-06 152.222132116 -4.80064484377e-06 -1.47250088998e-06 -0.0544276607588 12.8419387317 -6.1009133253e-06 2.48148749101e-06 -2.54774008982 -0.117719599915 -3.52234713919e-06 -1.45297870579e-06 1.0532015 -1.34513484871 -8.44784914388e-07 -3.45248746874e-06 0.745995765081 -1.17098988396 -9.56296583553e-07 
b: 3.44372786943 126.615095309 -4.7309651718e-06 -3.77486763222e-06 -6.93940404507 12.7621013904 3.24735456324e-06 -2.87989318121e-07 4.44792358542 0.195469840282 -7.63759682844e-07 4.01028356657e-06 -0.85099722929 1.04274184683 3.69210842392e-06 -1.80016666969e-06 0.545916557626 -1.25339290678 -4.00973527984e-06 