range:0-360
center: -4.60815104047 5.37840207815 0.0384363193065
a: -1.21037944924e-07 -2.96195607672e-09 0.796414097977 1.78939335993e-07 -0.0552150570302 -6.1922271732e-09 -0.146112350185 -4.06857510656e-08 0.0506276693623 2.71048064154e-10 0.0476394651766 1.54904812173e-08 -0.0332741516203 -7.95994514867e-09 -0.0262048894745 -1.87375229747e-08 0.0156512873596 1.99205560819e-08 0.00962382612329 -9.86232888518e-10 0.000291810618673 -7.82288614139e-09 -0.00843329264921 -5.74173872501e-09 -0.00513697592237 9.94921852468e-09 0.00637745696173 -4.05013056011e-09 0.00586664168189 -6.62918397196e-09 -0.00478379271127 2.82634377995e-09 -0.00442948890198 1.06749924668e-08 0.00102404416697 -4.88933987835e-09 0.00324447962511 -1.36544663392e-08 0.00124600180491 6.32767480447e-09 -0.00251428195989 1.00309788114e-08 -0.00216515524186 
b: -6.66431351342e-05 0.00136410852018 -1.82907334726e-07 
c: -0.0239346985744 0.554519237421 -2.41445748588e-09 0.00737798232189 -6.09633515959e-08 -0.0957763527613 -1.01757822678e-08 0.0119290953241 7.88076062097e-08 0.00269645994306 -1.57096944448e-08 -0.00538914303481 5.31302543892e-08 -0.0187341119719 -2.46867682506e-08 0.0122043025788 4.94228473694e-08 -0.00216663937313 -1.29246849614e-08 -0.00373163747357 2.91884648284e-08 -0.00325914178646 -2.04009014887e-10 
angles: 1.89660818299e-07 0.0435261242637 0.0874612518118 0.131837209878 0.176606446801 0.221735633937 0.267207322934 0.313060921672 0.359286892267 0.405938658079 0.453050353823 0.500612299833 0.548668783901 0.597178536224 0.646082446747 0.695292536325 0.744779930032 0.79457193711 0.844679475554 0.895142894985 0.94600460321 0.997314584722 1.04907676435 1.10124559889 1.15376076675 1.20665641001 1.26016276389 1.31612047311 1.37950118257 1.441062751 1.49729211939 1.55234647036 1.60609541368 1.65925452275 1.71206795592 1.76459994314 1.81678553335 1.86876873619 1.92042673206 1.97163363142 2.02287853477 2.07369167906 2.12433685936 2.17535958105 2.22773075819 2.28142161755 2.33582158432 2.39075208719 2.44615817048 2.50200985071 2.55826079684 2.61482719967 2.67165034855 2.72871619916 2.78616272175 2.84391571013 2.90202220556 2.96069056809 3.02016139056 3.08053200377 3.14159246569 3.20265192727 3.26302272651 3.32249370857 3.38116216511 3.43926953383 3.49702164252 3.55446892885 3.6115346864 3.66835774711 3.72492410102 3.78117502093 3.83702664395 3.89243272916 3.94736320447 4.00176362653 4.05545411295 4.1078254056 4.15884824197 4.20949339188 4.26030650733 4.3115514115 4.36275836764 4.41441637777 4.46639963671 4.51858521329 4.57111725365 4.62393068763 4.67708979746 4.73083877286 4.78589312951 4.84212252748 4.90368405026 4.96706482144 5.02302258536 5.07652905758 5.12942471467 5.18193989456 5.23410873903 5.28587088691 5.33718127973 5.38804250865 5.43850641435 5.48861391829 5.53840592654 5.58789325402 5.63710331393 5.6860071667 5.73451683792 5.78257333133 5.83013611183 5.8772469431 5.92389867816 5.97012466392 6.01597916701 6.06145089606 6.10658008373 6.15134936609 6.19572432169 6.23965951348 
