range:0-360
center: -4.60815102855 5.43543685277 0.0300674508112
a: -1.19796411902e-07 -4.07488008346e-09 0.791016072161 1.84743019961e-07 -0.0562628737289 -6.75547375016e-09 -0.150186073259 -3.99961655642e-08 0.0474785756592 3.39287270383e-09 0.0463950522258 1.16589018583e-08 -0.0282989505896 -1.14207778177e-08 -0.024199326198 -1.20959630177e-08 0.0111474424364 2.26244772887e-08 0.00873500416277 -1.68020512677e-08 0.00377124116127 -4.37473942136e-09 -0.00822419628923 2.10440766722e-09 -0.00639167426459 4.44907565495e-09 0.00556073245241 1.4642584469e-08 0.00427286329822 -3.1296190516e-09 -0.00264649894527 -2.70094307343e-08 -0.00230299059263 
b: -7.3159239541e-05 0.00133010955864 -1.17276446854e-07 
c: -0.0258702394632 0.541152894966 -3.57392796299e-09 0.00456052393072 -5.35020287027e-08 -0.0996634640029 -1.43393182729e-08 0.0133048712628 8.950389848e-08 0.00411477565501 -1.84782222274e-08 -0.00584597008927 5.95106733414e-08 -0.0180460892375 -2.48437368626e-08 0.0112822686676 5.98807374125e-08 -0.00264479772452 -1.30543376914e-08 -0.00364026006503 3.01123815694e-08 -0.00305212727878 5.22758705435e-09 -0.00111188887639 1.61121415228e-08 
angles: 1.70551585291e-07 0.0420271250586 0.0845471355511 0.127641583893 0.171226408933 0.215242807774 0.25968313976 0.304540615657 0.349820952539 0.395544942172 0.441722004494 0.488404614475 0.535669399776 0.583598446817 0.632127999656 0.681144884773 0.730568991952 0.780346984802 0.83060545192 0.881212145747 0.932225670035 0.983682731568 1.03558964155 1.08790670218 1.14055985552 1.19374364107 1.24843236984 1.30737657787 1.37098015838 1.43147139517 1.48793981305 1.54333985525 1.59742198602 1.6507280711 1.70371908478 1.7561958612 1.80820714313 1.85997116842 1.91193788481 1.96381488153 2.01546985209 2.06670841004 2.1174836769 2.16810270882 2.21936849003 2.27252808755 2.32687999116 2.38206725479 2.43789701611 2.49422057463 2.5509059282 2.60780365538 2.66499692726 2.72254713757 2.78048655079 2.83886011365 2.89775575977 2.95736932181 3.01787363894 3.07934933152 3.14159248968 3.20383571817 3.26531154896 3.32581496259 3.38542861075 3.44432517728 3.50269869046 3.56063726623 3.61818745033 3.67538067806 3.73227902472 3.78896429369 3.84528782071 3.90111808191 3.95630481591 4.01065679191 4.06381646815 4.11508222159 4.1657015051 4.21647667621 4.2677153167 4.31937023877 4.37124730106 4.42321394627 4.47497802573 4.52698935007 4.57946608302 4.6324571169 4.68576322313 4.73984536879 4.79524542559 4.85171390919 4.91220510031 4.9758086832 5.03475291904 5.08944151115 5.14262560559 5.19527872832 5.24759583687 5.29950313346 5.35096016143 5.40197372841 5.45257980481 5.50283823348 5.55261674459 5.60204085522 5.65105767787 5.69958795709 5.74751622688 5.79478184816 5.84146444709 5.88764060412 5.93336549663 5.97864586315 6.02350333992 6.06794367384 6.1119601077 6.15554388429 6.19863951314 6.24115847357 
