range:0-360
center: -4.60815102855 5.49247150024 0.0216648802821
a: -1.08942863732e-07 -3.13072584176e-09 0.777748688286 1.70785765532e-07 -0.0568663160488 -8.34498939734e-09 -0.153267377669 -4.02336381407e-08 0.0440938348689 5.27335965871e-09 0.0458102185023 1.32054713305e-08 -0.0237337698796 -1.46887102116e-08 -0.0230169489911 -1.81800566698e-08 0.00793112412907 3.21068573521e-08 0.00817517600321 -6.84117005291e-09 0.00528691456177 -2.1590400509e-09 -0.00741599570476 -3.19881353026e-09 -0.0067927847665 -9.66084216632e-09 0.00437257100962 3.92336689142e-09 0.00300457811727 
b: -7.96430687487e-05 0.00128366810405 -1.18069162708e-07 
c: -0.0276857668411 0.522942583566 -1.6374177714e-09 0.00153167354692 -4.45388780932e-08 -0.101539387699 -1.12452969658e-08 0.014262046681 8.78313957923e-08 0.00590804017915 -1.3298062202e-08 -0.00608336813323 6.04154209461e-08 -0.0168419991805 -2.23100259102e-08 0.00969258956473 5.35430688819e-08 -0.00207524882208 -7.15000501117e-09 -0.00351385514927 2.75111323881e-08 -0.00272437745283 2.11216468794e-08 -0.00213771938887 1.56529044063e-08 
angles: 1.80051415765e-07 0.0403310831177 0.0812161487605 0.12276926016 0.164913709957 0.207543910925 0.250651843824 0.294289478399 0.338467270795 0.383157854437 0.42835584929 0.47409880474 0.520493058219 0.567613342812 0.615483556939 0.664040620308 0.713343232834 0.763207068896 0.813566031753 0.864507081007 0.915887279032 0.9677243891 1.0198963132 1.07232882894 1.12517383933 1.17875697154 1.23498832093 1.29680968866 1.36029558202 1.42048036743 1.47768065727 1.53357185593 1.58799314891 1.64148196348 1.69457167323 1.74709388273 1.79908436635 1.85057864621 1.90245490259 1.9547104785 2.00669806541 2.0582881445 2.10923981644 2.15962099977 2.21038137302 2.26307555799 2.31737714592 2.37273009303 2.42880714885 2.48544607006 2.54246406584 2.59980278673 2.65749366755 2.71550414347 2.77402388662 2.83312214039 2.89297520565 2.9537095194 3.01539581004 3.07809388308 3.14159248566 3.2050900326 3.26778935291 3.32947469153 3.39020910929 3.45006319142 3.50916137684 3.5676802616 3.62569146924 3.6833822875 3.74072087833 3.797738788 3.85437825539 3.91045473475 3.96580768598 4.02010934986 4.07280368397 4.12356431478 4.17394536384 4.22489693894 4.27648698439 4.32847453749 4.38073027449 4.43260654403 4.48410074035 4.53609131942 4.58861349418 4.64170322236 4.69519205288 4.74961337775 4.80550459435 4.86270485479 4.92288966888 4.98637563041 5.04819702848 5.10442843122 5.15801157477 5.21085663584 5.26328907712 5.31546096635 5.3672984898 5.41867812161 5.46961975178 5.51997864533 5.5698424881 5.61914503627 5.66770207312 5.7155722629 5.76269258612 5.80908678841 5.85483064631 5.90002866309 5.94471922875 5.98889703606 6.0325336365 6.07564155642 6.11827287261 6.16041738126 6.20197057037 6.24285574918 
