range:0-360
center: -4.60815106432 5.3213647604 0.0457680213479
a: -1.27623353828e-07 -1.45913133844e-09 0.795512779608 1.76655445746e-07 -0.0533288762228 -7.94791885881e-09 -0.141470248691 -1.82575018099e-08 0.0526712081322 -3.18430549841e-10 0.0487578653027 -4.08117570946e-09 -0.0380423906886 -5.98803563822e-10 -0.0290715988085 -6.58368083534e-09 0.022068199404 8.80030650183e-09 0.0108619725034 -9.3653902608e-09 -0.00649539271459 -5.23655029788e-09 -0.00794239083768 6.19267682822e-09 -0.00203353629242 1.34081551339e-08 0.0066678478306 -1.27930124409e-08 0.00694405579915 5.2547297813e-09 -0.00736605835336 9.28550792925e-09 -0.00672237808981 -1.09832147585e-08 0.00516130590775 -1.53707241404e-08 0.00509994343394 1.04092760406e-08 -0.00258738012428 1.41818068251e-08 -0.00394446093752 -1.7092630652e-08 -0.000300292255496 -1.07964878891e-08 0.00320463382379 1.90383659977e-08 0.00173941798613 9.67334253105e-09 -0.00238537474382 -1.12919255832e-08 -0.0023596625235 -7.55335605772e-09 0.00140914282921 -5.81551411919e-10 0.00223674938823 
b: -6.0770202112e-05 0.00138312781895 -1.10092432163e-07 
c: -0.0220920519702 0.562019074904 -7.96562225769e-10 0.00923611332055 -7.83513559948e-08 -0.0920054753612 -8.86613406643e-09 0.00980759215668 7.91611505467e-08 0.000672588398132 -1.84844805862e-08 -0.00474944548595 5.55939571074e-08 -0.0189632023854 -2.03198964359e-08 0.0111658420744 4.45247687218e-08 -0.000831416982942 -1.4012115947e-08 -0.00436962474058 2.49900723201e-08 -0.00365832404735 -1.27442752082e-08 0.00410689486168 2.1243676907e-08 -0.0025572136166 -5.55530536187e-09 
angles: 2.38418579102e-07 0.0446171290787 0.0895701696504 0.134890428846 0.180562039342 0.226578510421 0.272912240813 0.319567761113 0.366581961288 0.414028694108 0.461913468681 0.510197571379 0.558831810056 0.607728991413 0.656829180607 0.706113909654 0.755632249025 0.805479225737 0.855665423685 0.906212477584 0.95712008029 1.00838801661 1.06012106092 1.11226764725 1.16470435457 1.21724178196 1.26993654589 1.32366492007 1.3830839573 1.44881308074 1.50510183769 1.55986599636 1.61339707146 1.66642662494 1.71910256392 1.77175633572 1.82407242783 1.87596746247 1.9272075368 1.97777775371 2.02784926732 2.07801116587 2.12923671512 2.18156857112 2.23511840736 2.28913603548 2.34350491844 2.39814573256 2.45312168191 2.50845148569 2.56421673984 2.62038226198 2.67683853046 2.73352729168 2.79049920919 2.84779066291 2.90538219245 2.96336951193 3.02204316371 3.08150936236 3.14159241424 3.20167448239 3.26114086719 3.31981468015 3.37780297378 3.43539446064 3.49268504047 3.54965771752 3.6063464094 3.66280259222 3.71896809436 3.77473332718 3.83006310908 3.88503906623 3.93968028536 3.99404913665 4.04806629092 4.10161654499 4.153948446 4.20517394616 4.25533568277 4.30540736966 4.35597760627 4.40721764143 4.45911273622 4.51142890763 4.56408263794 4.61675854595 4.66978814184 4.72331924474 4.77808342096 4.83437219344 4.90010130417 4.95952041613 5.01324893151 5.0659435171 5.1184810615 5.17091788275 5.22306444376 5.27479753923 5.32606544578 5.37697348758 5.42752000195 5.47770674714 5.52755314425 5.57707203062 5.62635672796 5.67545685817 5.72435392993 5.77298812508 5.82127219077 5.86915781435 5.91660372883 5.96361786858 6.01027430766 6.05660806755 6.10262457851 6.14829623921 6.19361655359 6.23856860213 
