range:0-360
center: -4.60815066894 5.66357681354 -0.00322106215172
a: -1.76883468863e-07 -1.16087864425e-08 0.681742753331 2.77388542946e-07 -0.0593742226022 -1.8971042064e-08 -0.146221120313 -6.92313116656e-08 0.0345784412602 1.11561889374e-08 0.0472547808548 4.89344414513e-09 -0.0164754122066 -1.75451349643e-08 -0.0268208067083 -3.57956473744e-08 0.00798376276684 5.2095064159e-08 0.0133080545832 4.25484758274e-08 0.00186463991891 -1.39337067832e-08 -0.00477446922659 -3.76829867389e-08 -0.00485192012727 -2.2613423213e-08 -0.00123058338074 1.55453669606e-09 0.00330861141894 
b: -0.000101415145611 0.0010888913261 -7.79221342989e-08 
c: -0.033987909756 0.446972646876 -1.13082943374e-08 -0.00852584013796 -7.78812317463e-08 -0.0885132721993 -4.12768839437e-08 0.0162118911186 1.28930041658e-07 0.0103716894137 -4.61006013391e-08 -0.00188639418505 6.48379613787e-08 -0.00998040787081 -5.23813672527e-08 0.00665873383965 3.13362601845e-08 0.00346422155308 -1.62917126085e-08 -0.00316043609289 3.55885950706e-08 -0.00489357285787 2.1497592518e-08 
angles: 5.59934801699e-07 0.0344758594457 0.0691535763133 0.104219908799 0.139809813226 0.17600081188 0.2128182465 0.250258739107 0.288321405081 0.3270504591 0.36653493585 0.406944993179 0.448445589498 0.491204081037 0.535462842058 0.581412023081 0.629196540028 0.67892114271 0.73058541082 0.784072428614 0.838790703181 0.89372754648 0.947636834401 1.0001285664 1.05179992955 1.10364551864 1.15851594776 1.22490250258 1.30166505896 1.37081571688 1.43264039488 1.49256100508 1.55000132236 1.60553498174 1.65971650796 1.71261858824 1.76442323575 1.81554215764 1.86634317163 1.91683928363 1.9674872798 2.01793540771 2.06870521529 2.12094175845 2.17423022715 2.22825669514 2.28316568163 2.33888011677 2.3953901415 2.45273383872 2.51078856606 2.56949587779 2.62894350808 2.68929054654 2.75058571337 2.81298448224 2.87645708178 2.94102961856 3.00677498629 3.07371911721 3.14159216208 3.20946409175 3.27640963988 3.34215515885 3.40672774619 3.47020039547 3.53259916354 3.59389430245 3.65424123104 3.71368878781 3.77239601077 3.83045060254 3.88779425924 3.94430424203 4.00001914518 4.05492807786 4.10895449633 4.16224299423 4.21447948477 4.26524952665 4.31569758573 4.36634561508 4.41684187864 4.46764283178 4.51876179459 4.57056638011 4.62346850071 4.67765004365 4.73318373535 4.79062404633 4.85054469704 4.91236941357 4.9815203536 5.05828295634 5.12466945729 5.17953959714 5.23138517107 5.28305690799 5.33554852031 5.38945814412 5.44439483069 5.49911290268 5.55260071117 5.60426498418 5.65399057394 5.70177419086 5.74772344713 5.79198227409 5.83474078761 5.87624136992 5.91665266445 5.95613713434 5.99486490639 6.03292751066 6.07036931849 6.10718677271 6.14337784109 6.17896780947 6.21403279856 6.24871197687 
