range:0-360
center: -4.60815064311 5.72060778141 -0.0131354575511
a: -1.67016327941e-07 -1.70899118076e-09 0.629222516221 2.69379484309e-07 -0.0610974728039 -3.60170327184e-08 -0.133772444992 -6.80757504221e-08 0.0314927696397 2.24989728294e-08 0.0409672552745 -1.21976562678e-08 -0.0120762178342 -1.50949905744e-08 -0.0235617701618 -1.15119472009e-08 0.00543099706817 3.51458913424e-08 0.0123074979449 1.41540673436e-08 0.000592674918581 -5.90407238711e-09 -0.00568813029689 
b: -0.000110915914292 0.000996452606061 -1.0802280625e-07 
c: -0.0365456102837 0.411450542497 -1.11251105083e-09 -0.0118032787542 -6.48935804125e-08 -0.0839820634423 -3.68095638241e-08 0.017617763954 1.37047295317e-07 0.00882690290853 -5.16008801538e-08 -0.00145766738586 5.43398415021e-08 -0.00863060496253 -4.00474549953e-08 0.00473279940494 3.56191444308e-08 
angles: 5.38713558988e-07 0.0306672256103 0.0614978837158 0.0926409747826 0.124237115679 0.156434105971 0.189375213177 0.223184171732 0.257974935319 0.293810188219 0.330644999109 0.368348426508 0.406954976607 0.446605527469 0.487673423441 0.530700858437 0.576248834964 0.624625815895 0.676126667083 0.730705333666 0.786004771334 0.840894245453 0.895615702218 0.950270949299 1.00530972602 1.06163283743 1.12065113035 1.18445679334 1.2550741599 1.33166632141 1.40057655566 1.46402421758 1.52496177992 1.58291871095 1.63867794914 1.69219387242 1.74404756077 1.79494340984 1.84489221377 1.89515616412 1.94652030612 1.99863916288 2.05136290456 2.1043717282 2.15764500012 2.21154225887 2.26632734896 2.32224024598 2.37912599264 2.4369560575 2.49549590307 2.55478301677 2.61508753175 2.67654193089 2.73913711256 2.8028871416 2.86786395742 2.93408329544 3.00183427749 3.07113592611 3.14159219868 3.21204726335 3.28134919371 3.34910163975 3.41531989422 3.4802978416 3.5440478352 3.60664200208 3.66809731 3.72840092707 3.78768875569 3.84622841635 3.90405843351 3.9609447083 4.01685705799 4.07164214217 4.12553977543 4.17881295688 4.23182169284 4.28454556744 4.33666443797 4.38802863523 4.43829282684 4.48824153499 4.5391374179 4.59099115937 4.64450704753 4.70026628355 4.75822323896 4.81916085699 4.88260849477 4.95151870034 5.02811098237 5.0987284306 5.16253408475 5.22155242528 5.27787550395 5.33291419188 5.38756996113 5.44229133689 5.49718138767 5.55248057571 5.60705915239 5.65856125668 5.70693727559 5.75248537715 5.7955129623 5.8365808729 5.8762313639 5.91483786336 5.95254119046 5.98937732803 6.02521119198 6.06000199662 6.09381249794 6.12675368196 6.15894917335 6.19054692867 6.22168847076 6.25251915154 
