range:0-360
center: -4.60815036297 5.83251451254 -0.0206917515025
a: 5.35377537748e-08 -1.59371691892e-07 0.465478301526 -9.65638829285e-08 -0.0879759683409 1.97288493153e-07 -0.0675085579395 2.48484970154e-07 0.0598561811842 -7.00943250013e-08 0.00911726551322 -2.56392445503e-07 -0.0287979875684 1.0023089648e-08 -0.00744997031901 1.15291921358e-07 0.0135078355875 1.82680712379e-09 0.00204285438966 -1.10540844824e-07 -0.00567900551095 1.53048583568e-08 -0.00148068355514 8.44032685207e-08 0.00292208822196 1.35235331115e-09 0.00184855054873 -5.21913172229e-08 -0.00129938940052 
b: -0.00106444670927 0.00634165641144 -6.43765705451e-07 
c: -0.0469053149193 0.336605675598 -1.60076407819e-07 -0.0055778351414 7.89355812312e-09 -0.0613647905934 -1.20070249589e-07 0.0222662222104 1.59722624089e-07 -0.00293408161701 5.80558244015e-09 -0.0083998461985 1.47462674133e-07 -0.00465300295874 -5.34408395983e-08 0.00644673534452 2.91743418946e-09 
angles: 6.28318480098 0.0348722003835 0.0701837205684 0.106352154184 0.143801194171 0.182962255422 0.224311890073 0.268503841155 0.3165708089 0.369948054504 0.429623211583 0.494968088578 0.563155798076 0.632353973158 0.701454081914 0.770449245739 0.840870797662 0.91380227855 0.991124931542 1.07524212111 1.16915145881 1.27588452145 1.41356507411 1.58142399639 1.68382914299 1.77606861954 1.86153543255 1.94321439523 2.0236118281 2.10387370311 2.18533748452 2.26872638521 2.35447606624 2.44234631467 2.53223608734 2.62471588261 2.72022869942 2.81882043085 2.92174794317 3.02967621907 3.14159305036 3.25351010385 3.36143728855 3.46436509333 3.56295677338 3.65846960344 3.75094920164 3.84083888788 3.92870902581 4.01445875777 4.09784766005 4.17931152758 4.25957348382 4.33997095024 4.42165014229 4.50711692697 4.59935669989 4.7017625927 4.86962076364 5.00729954077 5.11403241871 5.20794097174 5.2920580344 5.36938145068 5.44231287071 5.5127353669 5.58172909769 5.65083124937 5.72002899991 5.7882162296 5.85356242011 5.91323769714 5.96661333849 6.01468225299 6.05887424882 6.10022392298 6.13938502854 6.17683210831 6.21300256604 6.24831411092 
