range:0-360
center: -4.60815065304 5.60654271444 0.00540857790034
a: -1.84467632605e-07 -8.10681222621e-09 0.724134280375 2.90009497178e-07 -0.0581974999575 -1.37528197573e-08 -0.153100135041 -8.34787637884e-08 0.0377893944657 1.50446179446e-08 0.0471480600925 2.70103857552e-08 -0.0189913040559 -2.8284269054e-08 -0.0236559372865 -4.39146655802e-08 0.00749870445614 6.31397956036e-08 0.00972661158628 2.73061667822e-08 0.00495229215931 -1.93330432335e-08 -0.00443220541345 -1.80994532029e-08 -0.00776056606889 -3.09585438082e-08 0.000518072691092 3.58785580785e-09 0.00373133073867 
b: -9.32537485335e-05 0.00116404456239 -1.48563660095e-07 
c: -0.031613697219 0.476127753587 -9.31939565438e-09 -0.00485834812984 -8.05199782491e-08 -0.0948168179372 -3.17023227973e-08 0.015427944858 1.2646451353e-07 0.010993063568 -2.83428801883e-08 -0.00332887631146 6.97340012316e-08 -0.0123668697827 -4.19317271045e-08 0.0079899224085 5.45238322854e-08 0.00130116559764 -5.47853286338e-09 -0.00460352348911 3.84264981872e-08 
angles: 4.81471253079e-07 0.0368454880269 0.0740327465461 0.111784308447 0.150147483587 0.189081659788 0.228579956629 0.268616194412 0.309203890306 0.350390998463 0.392231237238 0.434793976668 0.478230255686 0.522737902118 0.568512193615 0.615749960184 0.664604843721 0.715132071051 0.767065068439 0.819977487611 0.873345578725 0.926527804994 0.978974549359 1.03079985929 1.08258258039 1.13543272948 1.19321784505 1.26125244173 1.33042308608 1.39282452709 1.4519697362 1.50981391819 1.56568316732 1.62002519522 1.6735548329 1.72618918067 1.77816902011 1.82960464857 1.88116501698 1.93309540486 1.98477615081 2.03581544765 2.0860384235 2.13594705275 2.18742580521 2.24110388908 2.29593791371 2.35162609636 2.40800010396 2.46503822014 2.52272460776 2.58100227348 2.63979620896 2.69925411951 2.7594728917 2.82059380333 2.88272969091 2.94589251183 3.01013775012 3.07544975313 3.14159222171 3.2077348121 3.27304698284 3.33729127149 3.40045423114 3.46259018935 3.52371120543 3.58392998834 3.64338863128 3.7021817144 3.76045998021 3.81814626374 3.87518430098 3.93155881116 3.98724693314 4.04208048145 4.09575911399 4.14723782081 4.19714657682 4.24736953582 4.29840866672 4.35008941147 4.40201997659 4.45358036199 4.50501596234 4.55699586532 4.60963019226 4.66315984923 4.71750191387 4.77337119465 4.83121539443 4.8903606884 4.95276205512 5.02193297081 5.08996771795 5.14775278117 5.20060257243 5.25238570251 5.30421089884 5.35665796393 5.40984008266 5.46320798085 5.51612029354 5.568053949 5.61858199851 5.66743613314 5.71467400385 5.76044831675 5.80495699963 5.8483922726 5.89095496602 5.93279514123 5.97398219988 6.01457104831 6.05460726127 6.09410559023 6.13303979068 6.17140304537 6.20915340345 6.24634074043 
