range:0-360
center: -4.6081510067 5.54950762192 0.0138375510772
a: -1.0744695864e-07 -7.36970683948e-09 0.75560928001 1.76037158167e-07 -0.057477497046 -9.67818638595e-09 -0.154439012601 -5.28279687611e-08 0.0412949186327 2.16429311954e-08 0.0462196512305 1.27636417462e-08 -0.0209268463507 -3.62593872942e-08 -0.022484870029 -1.15532335978e-08 0.00661520498449 5.20966756573e-08 0.00807583237871 -4.91185417315e-09 0.00591928309334 -1.59377834672e-08 -0.00582584104825 -6.49711584427e-09 -0.00726950925107 -1.51377963822e-08 0.00301814591536 
b: -8.59513218662e-05 0.00122889292465 -1.31742524359e-07 
c: -0.0294797876386 0.501417106349 -6.27380532558e-09 -0.00133952167508 -3.97158356371e-08 -0.0997152527349 -2.08117408013e-08 0.014771145115 8.13550930252e-08 0.00843042991663 -7.19020254501e-09 -0.00563539004788 4.1959023398e-08 -0.0151465546588 -2.32772655458e-08 0.00871980284846 4.48153796119e-08 -0.000968183149804 -8.27541139385e-09 -0.00388672050848 2.93759960478e-08 -0.00302243468593 2.94372567498e-08 
angles: 1.29905311571e-07 0.0386280678142 0.0777900145088 0.117656919789 0.158195935107 0.199297933655 0.240925396195 0.283078576912 0.325780946043 0.369047289244 0.412838684848 0.457375267288 0.502633006181 0.548724372654 0.59576281278 0.643810731322 0.692892888499 0.742993832423 0.793907308728 0.845401755756 0.897327716869 0.949495437112 1.00169814403 1.05385636063 1.10651578412 1.16043573918 1.21852180368 1.28348703647 1.34761824163 1.40833454281 1.46634918626 1.52305566005 1.57798315933 1.63178277761 1.68500170268 1.73755275948 1.78961355127 1.84108241493 1.89277776372 1.94496948976 1.99706605096 2.04882488466 2.0996780211 2.14966745358 2.20015032465 2.25283044487 2.30736798613 2.36291008407 2.41917573941 2.47602512408 2.5333560958 2.59119643059 2.64941190994 2.70804017444 2.76727785404 2.82725559136 2.88816600694 2.95005866165 3.01294120082 3.07686202999 3.14159253626 3.20632310699 3.2702429159 3.33312665191 3.39501834038 3.45592885062 3.51590660662 3.57514513485 3.63377331994 3.69198797618 3.74982895716 3.80715983909 3.86400919146 3.92027481385 3.97581691362 4.03035452948 4.08303439732 4.1335175748 4.18350694409 4.23436024783 4.28611912526 4.33821563228 4.39040744932 4.44210279397 4.49357169323 4.54563239944 4.59818348287 4.65140242188 4.70520203791 4.76012956317 4.81683605171 4.87485074449 4.93556705117 4.99969824052 5.06466345309 5.12274958655 5.17666959149 5.22932858888 5.28148719745 5.33369034162 5.385857499 5.43778391076 5.48927832381 5.54019176709 5.59029267904 5.63937480556 5.68742276561 5.73446120941 5.78055254697 5.82581026017 5.87034783966 5.91413924973 5.95740556668 6.00010794336 6.04226112412 6.08388860298 6.12499062377 6.16552969502 6.20539668575 6.24455745897 
