range:0-360
center: -4.60815068086 5.7776384155 -0.0231868547261
a: -1.72128246397e-07 -2.90975719803e-08 0.543677468395 2.40315080563e-07 -0.0799003726038 -2.40268841891e-08 -0.108098108842 -7.44796538014e-09 0.0490256679527 7.31847063025e-08 0.0351708698007 -4.16141704793e-08 -0.0177269300564 -6.83159813445e-08 -0.0230721230784 -2.75673118341e-08 0.00345642806384 4.25978641852e-08 0.0116195695246 3.174171862e-08 0.00463593115581 6.04862302116e-09 -0.00543146916841 -3.47304283612e-08 -0.00575029234476 -1.74890083037e-08 0.00107921819813 2.00769071498e-08 0.00490495963201 3.18189313766e-08 0.00141309541734 -1.19030696955e-08 -0.00275163901821 -2.65880785869e-08 -0.00269663255627 4.4173172107e-10 0.00131976306899 2.59563462234e-08 0.00282833824522 1.09049301459e-08 -0.000120506232052 -2.2278152982e-08 -0.00211716793896 
b: -0.000129548623475 0.000888962113794 -8.82006725738e-08 
c: -0.0432615558508 0.366652483606 -2.77421781397e-08 -0.00637260881195 -1.03659940328e-07 -0.0689302081836 -8.57582186479e-08 0.0241467336429 1.26243914963e-07 0.00388995824952 -3.54114119632e-08 -0.00674369172463 8.41175914703e-08 -0.00798615208677 -2.88817673805e-08 0.00696611937325 1.2558425446e-08 0.00286153537579 -5.91837409894e-08 
angles: 7.37118137242e-07 0.0263844798382 0.0528957170492 0.0796326726549 0.106674990622 0.134099357881 0.16197423033 0.190393395406 0.219409671789 0.249158147663 0.280059141193 0.312658792191 0.347320888908 0.38390062856 0.422179883006 0.462189368325 0.503765099323 0.547007404265 0.591853319213 0.638267934789 0.686059648176 0.735142984708 0.785597066085 0.837162198075 0.889092237756 0.941420242547 0.995055764545 1.0508410104 1.11000890436 1.17543462622 1.26156993512 1.41085316789 1.47835047808 1.54006585747 1.5993398762 1.65659075869 1.71243849934 1.76675682271 1.82005641806 1.87278363445 1.925319926 1.97799377685 2.03093420835 2.08395980037 2.13713552714 2.19096001875 2.24590094191 2.30207848068 2.35937046381 2.41766189487 2.47681030862 2.53688189389 2.59803770014 2.66063256202 2.72453986702 2.78975775641 2.85626785022 2.92458860078 2.99508577862 3.06759953405 3.14159203094 3.2155846989 3.28809729661 3.35859614699 3.4269158341 3.49342592695 3.55864387471 3.62255119522 3.68514603851 3.74630273436 3.80637418618 3.86552249066 3.92381380277 3.98110578649 4.03728386607 4.09222473635 4.1460491798 4.19922477848 4.25225061379 4.3051908587 4.35786492955 4.41040108244 4.46312834229 4.51642800319 4.57074632244 4.62659411536 4.68384499128 4.74311899822 4.80483439425 4.87233184694 5.0216153332 5.10774985261 5.17317558409 5.23234350863 5.28812872168 5.34176424462 5.39409214612 5.44602296108 5.49758798424 5.54804192552 5.59712621983 5.6449190001 5.69133356177 5.73617940196 5.77942161583 5.82099722192 5.86100670409 5.89928737709 5.93586720906 5.97052781608 6.00312929776 6.03403037765 6.06377885972 6.09279344043 6.12121257619 6.1490874266 6.17651178508 6.20355409411 6.23029105382 6.25680229758 
