range:0-360 
center: -4.60815076232 5.35507609248 0.0409661069978
a: -2.41066138919e-07 5.90885308573e-09 0.797049025852 3.43204725703e-07 -0.0534875982273 2.85342845268e-09 -0.144930635672 -8.08828296289e-08 0.0500359563926 6.91410644739e-09 0.0488954741112 -6.74609690971e-09 -0.035301808562 
b: -0.000126990765208 0.00305699947186 -3.50486983926e-07 4.8972347623e-05 -1.76916939465e-08 -0.000512453009309 5.51889413562e-08 
c: -0.0230339091076 0.558016379116 -7.71281611245e-09 0.00860532748583 -1.22850626102e-07 -0.0940218642968 -1.64711952146e-08 0.0104940478703 1.56765441891e-07 0.00207330090172 -1.42841352959e-08 -0.00585828505898 9.99080376836e-08 
angles: 6.43171127287e-07 0.0663536950615 0.133580532077 0.201618918854 0.270419108581 0.33999072865 0.410444581419 0.481890354274 0.554291532641 0.627533023592 0.701389827152 0.775814740154 0.850922023881 0.926843635424 1.00365568472 1.08144465898 1.16004221548 1.23928491358 1.3210434771 1.41617370934 1.50178628059 1.58354164601 1.66329266193 1.74229688772 1.82081631124 1.89861585736 1.97519034323 2.05134623907 2.12735991179 2.20519494241 2.28568796316 2.3673923163 2.45000272853 2.53353691352 2.61794339982 2.70293657153 2.78858387572 2.87492284694 2.96215206656 3.05101771845 3.14159201111 3.23216551727 3.32103161374 3.40826188854 3.49460071874 3.58024792029 3.66524087303 3.74964726718 3.8331819755 3.91579227647 3.99749661609 4.07798966815 4.15582465799 4.23183846424 4.30799466884 4.38456921855 4.46236872712 4.54088820459 4.61989248203 4.69964351754 4.78139892646 4.86701155565 4.96214183052 5.04390051205 5.12314340323 5.20174078539 5.27952971637 5.35634213183 5.43226414315 5.5073713662 5.58179677695 5.65565345562 5.72889481377 5.80129673215 5.87274256824 5.943196448 6.01276714153 6.08156734425 6.14960577543 6.21683380575 
