range:0-360 
center: -4.60815095305 6.067346102 0.0494700562675
a: -2.45227546674e-07 -1.50855607087e-08 0.255541906551 2.60416699138e-07 -0.0358413261587 -1.31439398464e-08 0.00217394515999 -4.10943299463e-08 0.0037381177869 7.86792807592e-09 -0.00326104751047 2.64067092463e-08 0.00284755423913 -7.83946428883e-09 0.000947889881626 -9.40146866817e-09 0.000219713244383 
b: -0.000156918836186 0.00140150315955 -8.73231478527e-08 -0.00011478176813 5.03427592735e-08 
c: -0.0285492900561 0.255852471181 -1.48987538863e-08 -0.0212594041878 -2.29971075467e-07 -0.00187404532802 -4.25899033367e-08 0.0108375362146 -1.04767060659e-08 -0.000788165836131 -4.75854266289e-08 0.00425090057107 -2.50238663971e-08 0.00156783486038 -5.12498202072e-08 0.00131698050738 -1.77822965989e-08 
angles: 2.12638056097e-06 0.058390616695 0.116586015342 0.174343229093 0.231448593913 0.288272448525 0.345109735915 0.402203037746 0.460110993426 0.519658065112 0.581626584572 0.64661351175 0.714767823706 0.785172354174 0.857263091478 0.93104858078 1.00655167689 1.08397622721 1.16317596488 1.24440836037 1.32715086173 1.41146953377 1.49754324967 1.58499256621 1.67401676882 1.76473748092 1.85671553689 1.94949243321 2.04244740028 2.13532473567 2.22693160663 2.31716650641 2.40706866169 2.49733504181 2.58792502022 2.67866668637 2.76988518388 2.8618647473 2.95445023687 3.04765487676 3.14159100292 3.23552726693 3.32873196201 3.42131733816 3.51329679797 3.60451509867 3.69525771813 3.7858472569 3.8761144493 3.96601511091 4.05625042033 4.14785753753 4.24073455243 4.33369003457 4.42646691712 4.51844516396 4.6091663019 4.69819068514 4.78564020274 4.87171442901 4.95603345397 5.03877621546 5.12000969595 5.19920870577 5.27663445362 5.35213759689 5.42592305102 5.49801515345 5.56842127989 5.63657571802 5.70156283374 5.76353148989 5.82307866842 5.88098659492 5.93807955867 5.99491644644 6.05174000884 6.10884713682 6.1666038954 6.22479905332 
