range:0-360
center: -4.60815055966 5.92574467063 0.00336997471315
a: -2.54469299943e-08 -2.17215118681e-07 0.355284868532 4.83465174191e-08 -0.0755367455197 3.28189315736e-07 -0.0190435624869 1.63188144914e-08 0.0416615910447 -1.91374893653e-07 -0.0158713208043 -2.82048108176e-09 -0.0153094019253 9.33626371233e-08 0.00902834810088 -6.75542417186e-08 0.00525419459814 -3.96301520337e-08 -0.00749276379406 4.37133375492e-08 -0.000435670041703 4.37614502244e-08 0.00483626351419 -2.21479719737e-08 -0.000263944958607 -2.87862763883e-08 -0.00194003316306 
b: -0.000952734240185 0.00555794335932 -5.04315785521e-07 
c: -0.0445260000647 0.295137152241 -2.19712612742e-07 -0.0131944889639 -3.59501965986e-09 -0.0412059535268 -1.05449931394e-07 0.0203846367632 6.07408637587e-08 -0.00606922396854 2.78928803285e-08 -0.00573196330047 7.62750412057e-08 0.000380267681134 -7.1947119505e-08 0.0041226359954 -6.16037041412e-09 
angles: 3.69536780347e-07 0.0391013262519 0.0783770973057 0.118136426521 0.158839956481 0.200843371132 0.244578906152 0.290831000685 0.340302937763 0.393681290915 0.451728151383 0.514754291139 0.581388162729 0.649552817805 0.718044981956 0.786831658816 0.85656640362 0.928236082153 1.00381991034 1.0846392947 1.17124995752 1.26206290556 1.35651855656 1.45947044893 1.58325297889 1.73459213949 1.8468298259 1.93951750738 2.02642779256 2.11072035491 2.19459595101 2.27958458477 2.36692203147 2.45600038304 2.54605474961 2.63744565763 2.73187039968 2.82940617196 2.93026795422 3.03473431442 3.14159238413 3.24845060674 3.35291577418 3.45377930272 3.55131387083 3.64573879921 3.73712972239 3.82718390759 3.91626236029 4.00360015165 4.08858918612 4.17246499436 4.25675731356 4.34366780682 4.43635547906 4.54859317466 4.69993116248 4.82371286051 4.92666478927 5.02112047196 5.11193346683 5.19854331975 5.27936363948 5.35494742384 5.42661822654 5.49635280291 5.56513918358 5.63363247336 5.70179670784 5.76843181158 5.83145782614 5.88950476377 5.94288315373 5.9923573215 6.03860731111 6.08234282315 6.12434621237 6.165049698 6.20481128215 6.2440870126 
