range:0-360 
center: -4.60815072954 5.43594613075 0.0291734355735
a: -2.01144150904e-07 -5.19112416793e-09 0.79112734041 3.08721236624e-07 -0.0555811710723 -1.40569530678e-08 -0.15060733918 -5.68414207328e-08 0.0469036264867 3.25725882856e-09 0.0465769445629 2.52526739792e-08 -0.0276269347148 -2.31818395336e-08 -0.0240042241101 -2.11750739917e-08 0.0111134577431 
b: -0.000160898038349 0.00295981043187 -3.27710212191e-07 4.38994962274e-06 1.59598510817e-08 
c: -0.0255206803997 0.540693451141 -4.49870838214e-09 0.00461983123573 -9.30413597093e-08 -0.0997506871142 -2.03109113517e-08 0.0132143045388 1.59600295375e-07 0.00419477453956 -3.00660192206e-08 -0.00584822709259 1.21623541371e-07 -0.0182795821851 -4.59984091766e-08 0.0109588610759 1.19165876258e-07 
angles: 6.06570614488e-07 0.0633974304369 0.127998898496 0.193697509731 0.260348701695 0.327935072473 0.396479319195 0.466043020212 0.536822153617 0.609039667589 0.682459373267 0.756786033531 0.83204337186 0.90814813843 0.985203587699 1.06322828012 1.14208974387 1.22232840005 1.30920596999 1.40358472472 1.48904944383 1.5715403338 1.65164778423 1.73089317784 1.80904992132 1.88677613739 1.96463299939 2.04194890388 2.11823475302 2.19425766636 2.27335440306 2.3552019551 2.43866528507 2.52323926218 2.60843169486 2.69427538603 2.78095015201 2.86860067882 2.957633019 3.04863297708 3.14159206997 3.2345503603 3.32555172674 3.41458419207 3.50223380974 3.58890848204 3.67475276203 3.75994562693 3.84451942354 3.92798272335 4.0098303579 4.08892739595 4.16495004102 4.24123584661 4.31855197298 4.39640886742 4.47413513111 4.55229192676 4.63153731843 4.71164482456 4.79413575093 4.87960054027 4.97397940279 5.06085697136 5.14109592626 5.21995736593 5.29798206697 5.37503788142 5.45114255282 5.52639983312 5.60072633258 5.67414662142 5.74636409307 5.81714409442 5.88670692147 5.95525202753 6.02283840476 6.08948859941 6.15518725255 6.21978890744 
