range:0-360
center: -4.60815090537 6.04244455099 0.0419429405331
a: -2.1958412701e-07 -5.72317634235e-08 0.262030394333 2.50366911738e-07 -0.0399471087966 2.00605585899e-08 0.00265937531938 -3.82039999286e-08 0.00447511161806 2.73421079903e-08 -0.00551038234995 -2.52686311545e-09 0.00353847781858 
b: -0.000639356318964 0.00486997371551 -3.63679650235e-07 
c: -0.0319035439664 0.257967925658 -5.73177011141e-08 -0.0238366043733 -1.88837376e-07 -0.00672400372591 -9.5282447979e-08 0.0116603582962 2.21907259379e-08 -0.00375984563306 -5.1256924037e-08 0.00388431567676 -2.6099643095e-08 
angles: 2.02924054718e-06 0.0542251822115 0.108397043629 0.162500326017 0.216603361741 0.270796959054 0.325223738826 0.380218659312 0.436178501598 0.493755930375 0.553748860728 0.616824743876 0.683415564426 0.753015653392 0.824467659136 0.897660523326 0.972596129246 1.04981365086 1.12944754362 1.21131054992 1.29492727105 1.38011158793 1.46701948361 1.55553508159 1.64607777572 1.7388998811 1.8338200078 1.93031529234 2.02727331162 2.122529991 2.21543823286 2.30691739112 2.39777798003 2.48879006848 2.5799671752 2.67116019444 2.76313652267 2.85633043056 2.9504507271 3.04551683874 3.14159116952 3.23766567368 3.332730328 3.42685220526 3.52004609465 3.61202111224 3.70321521992 3.79439206045 3.88540503257 3.97626525028 4.06774478511 4.16065318595 4.25590918364 4.35286688874 4.44936256888 4.5442830388 4.6371050982 4.72764802603 4.81616394055 4.90307216273 4.98825675638 5.07187372017 5.15373695536 5.2333719174 5.31058964364 5.38552525661 5.45871794512 5.53017133647 5.59977299511 5.66636391303 5.72943787958 5.78943082439 5.84701039314 5.90297010865 5.95796470233 6.01239122011 6.06658674924 6.12068952244 6.17479252174 6.22896653237 
