range:0-360 
center: -4.60815053582 5.75939868689 -0.022901965538
a: -7.74283167017e-08 1.99163618343e-08 0.577648507949 1.27087705823e-07 -0.0693284877298 -1.32343076474e-07 -0.122225904772 7.89190174648e-09 0.034377006121 1.28826770368e-07 0.0371336048464 -2.12307817128e-08 -0.0102863999399 
b: -0.000221572116969 0.0020905850221 -2.04085761479e-07 -3.66152267088e-05 -9.42182065947e-09 -0.000390902536222 4.67489091945e-08 
c: -0.0401539041151 0.379932041118 2.2074276296e-08 -0.00922460966463 -3.64974822403e-08 -0.0749066254319 -9.40160018655e-08 0.022395349464 9.62467327453e-08 0.00801975292291 -8.12733297194e-08 -0.00472138126249 1.01274041047e-07 
angles: 1.91988031964e-07 0.0419278465519 0.0842829637565 0.127290417758 0.171174913238 0.216320794384 0.263511449315 0.313791117848 0.367386502982 0.424115503998 0.484283167288 0.548404181533 0.61690766819 0.689873944813 0.766716140011 0.848210955394 0.930329348244 1.0118437349 1.10307237117 1.24050500908 1.3675855316 1.46489098471 1.55629641151 1.64248722935 1.72376607765 1.8022846289 1.88003369017 1.95831568195 2.03738139279 2.11684554431 2.19720638898 2.27995216907 2.3653083355 2.45277501183 2.54222075871 2.63405822333 2.72896890195 2.82663665883 2.92747925619 3.03267495095 3.14159249036 3.25051028984 3.35570500728 3.45654898278 3.55421551034 3.64912614694 3.74096443013 3.8304099736 3.91787642424 4.0032330412 4.08597879305 4.16633905785 4.24580343809 4.32486936898 4.40315120497 4.48090036252 4.55941905383 4.64069790478 4.72688874294 4.8182940871 4.91559980901 5.0426812775 5.18011305052 5.27134086094 5.35285591327 5.43497417597 5.51646894261 5.59331199102 5.66627821649 5.73478165394 5.7989025781 5.85907016481 5.9158006344 5.9693959966 6.01967584453 6.06686492517 6.1120108385 6.15589529322 6.19890272362 6.24125783424 
