range:0-360 
center: -4.60815069079 5.51681583524 0.0173343311995
a: -1.60780512264e-07 -1.86289295244e-08 0.769597753252 2.67965768768e-07 -0.0564625187844 2.5240874393e-09 -0.154392579008 -5.18268828229e-08 0.0424122148527 1.58303867907e-08 0.0459494591482 1.1015093225e-08 -0.0216645142448 -2.75692426054e-08 -0.0222831350921 -1.94108450946e-08 0.00714073812034 
b: -0.000180493994281 0.00281011422117 -3.16328665208e-07 -2.224392631e-05 4.95844490914e-08 
c: -0.0280392028289 0.513780028956 -1.81697611499e-08 0.000490733961449 -5.51245359429e-08 -0.101329198722 -3.2395656317e-08 0.0144467716193 1.62160648177e-07 0.00700277293105 -1.62537085908e-08 -0.00603820397969 1.17894203065e-07 -0.0164535577954 -2.57752470263e-08 0.00889615765258 1.06586406519e-07 
angles: 5.5194673471e-07 0.0598506103733 0.1211223305 0.183775357765 0.247528324657 0.312457924632 0.378635224948 0.446052044444 0.514899641285 0.585438632924 0.65775150611 0.7319425855 0.807574833006 0.884433499123 0.962212643586 1.04054999506 1.11960601171 1.20143826808 1.29382915088 1.38764771261 1.47447878967 1.5579671355 1.63859260541 1.71800131257 1.79618617338 1.87344404028 1.95166769362 2.02965413525 2.10636410439 2.18169526694 2.25982123113 2.34178432766 2.4257156859 2.51091331405 2.59701883956 2.68389331268 2.77176187188 2.86112704724 2.95248140984 3.04600917066 3.1415921452 3.23717535597 3.33070339594 3.42205790457 3.51142222325 3.59929152179 3.68616578619 3.77227112966 3.85746860435 3.94139996158 4.02336327394 4.10148964489 4.17682076954 4.2535307673 4.33151715599 4.40974089361 4.48699890663 4.56518372803 4.64459248791 4.72521801393 4.80870639144 4.89553755059 4.98935620859 5.08174712343 5.16357947496 5.24263553848 5.32097280506 5.39875234377 5.47561082846 5.55124297598 5.62543399436 5.69774751437 5.7682865197 5.83713410282 5.90455086889 5.97072807925 6.03565769185 6.09941174532 6.16206370683 6.22333561998 
