range:0-360
center: -4.60815093517 6.06577428579 0.0491342935667
a: -2.23138355888e-07 -5.75319295103e-08 0.256368031245 2.24164715614e-07 -0.0365238382374 1.59177551404e-08 0.00273757576973 -3.15594339655e-08 0.00382833744429 1.40629428206e-08 -0.00341807068717 2.68920014138e-08 0.00321574421594 
b: -0.000571569582676 0.00487925568054 -3.98464830493e-07 
c: -0.0288294537619 0.257568328054 -5.66508718308e-08 -0.0211155049423 -2.22047230868e-07 -0.00152942071665 -9.7631760802e-08 0.0116100429718 -2.84241825098e-08 -0.000691230433007 -7.2372646545e-08 0.00497089275121 -4.36884184901e-08 
angles: 2.00574279309e-06 0.0586797347533 0.117005817247 0.174818642554 0.231878661209 0.288559587805 0.345246657381 0.402221689865 0.460000281742 0.519441763298 0.581328938037 0.646236290485 0.714310815527 0.784604999868 0.856601406497 0.930299660258 1.00572627864 1.08307930156 1.16222531524 1.24342158019 1.32615391808 1.41047618819 1.49656852596 1.58405421234 1.67315141632 1.76398954961 1.85614919896 1.94919490067 2.04244353432 2.13564240441 2.22732259722 2.31763130381 2.40754092574 2.49774947592 2.58823955106 2.67885864827 2.76997320306 2.86189038772 2.95444271533 3.04763828562 3.14159107161 3.23554400397 3.32873964598 3.42129038084 3.51320905138 3.60432352394 3.69494231928 3.78543336577 3.8756417103 3.96555199947 4.05586009164 4.14753959333 4.24073887178 4.33398723324 4.42703343731 4.51919315454 4.61003149002 4.69912900657 4.78661502448 4.87270771672 4.95703029563 5.03976294193 5.1209602801 5.20010561125 5.27745981834 5.35288646979 5.42658615637 5.49858248214 5.56887656875 5.63695102133 5.70185847629 5.76374780891 5.82318726337 5.880967849 5.93794269937 5.99462950542 6.05131000701 6.10837164742 6.16618397882 6.22450974406 
