range:0-360
center: -4.60815054774 5.90239474177 -0.00485197936651
a: -2.52018553773e-08 -1.96296684494e-07 0.384273009809 5.83304396516e-08 -0.0806996696286 2.83215210967e-07 -0.0316364238058 4.37963623038e-08 0.0493831180562 -1.35485486682e-07 -0.010690557726 -5.14024157517e-08 -0.0207424567642 4.4809798412e-08 0.00595620321045 -2.92487568768e-08 0.008212118385 -1.17071852931e-08 -0.00587417684187 -4.39562794533e-09 -0.00273421688528 1.80703994806e-08 0.00362670859721 
b: -0.000996752333105 0.00573499180875 -5.22690637182e-07 
c: -0.0456362264427 0.304662595557 -1.95352161287e-07 -0.0103613318008 5.69078429965e-09 -0.0480346075452 -1.08642317727e-07 0.0207712564706 1.05248385544e-07 -0.00549919418626 4.3751160518e-08 -0.00770744834521 9.38846302236e-08 -0.00111968211933 -4.97326765129e-08 0.00455736268916 8.14952607674e-09 
angles: 3.09356145442e-07 0.0362832364606 0.0729108696837 0.110294780053 0.148889701681 0.189201047986 0.231774322168 0.277268147297 0.326454081913 0.380162262324 0.438960119558 0.502496541069 0.569236272887 0.637056274902 0.704966665376 0.773006522592 0.841992965573 0.913765551257 0.989433219932 1.07025566071 1.15867401906 1.25277358244 1.35309667895 1.46750621728 1.62514938644 1.75185395209 1.85113495577 1.9401834561 2.02495521569 2.10775151287 2.19060624624 2.27471023033 2.36104176736 2.44946247201 2.53949205783 2.63135084387 2.72632890375 2.82452725288 2.92647427417 3.03260687391 3.14159242662 3.25057817736 3.35670959886 3.45865699936 3.55685678274 3.65183374203 3.74369253989 3.83372300227 3.92214366108 4.00847457267 4.09257888459 4.1754336873 4.2582300684 4.34300156438 4.43205035817 4.53133145827 4.65803617291 4.81567761048 4.93008686474 5.03040986314 5.12450941164 5.21292695161 5.29375020696 5.36941782886 5.44119154526 5.51017790522 5.57821744021 5.64612881526 5.71394997906 5.78069099826 5.84422552758 5.90302333298 5.95673160672 6.00591758237 6.05141358703 6.09398696051 6.13429619051 6.17289113158 6.21027730117 6.24690494301 
