range:0-360 
center: -4.60815053582 5.75939868689 -0.022901965538
a: -8.32404142983e-08 1.62370917005e-08 0.577055635578 1.20825455354e-07 -0.0697980589883 -1.30854029268e-07 -0.121730102635 1.82467329307e-08 0.0367711332261 1.33623319602e-07 0.0381943239401 -1.38926793001e-08 -0.00858754927998 -6.68461066269e-08 -0.0193759482199 -4.58066302146e-08 0.00110283918154 
b: -0.000265299649305 0.00206291348981 -2.00651293245e-07 -7.01288585722e-05 -2.83598719805e-09 
c: -0.0399455792783 0.379910062278 1.74895918708e-08 -0.00940084550281 -4.09808699039e-08 -0.0749928636236 -9.28331667131e-08 0.0232780489798 1.035424711e-07 0.00809627968362 -8.47826986005e-08 -0.00395383893389 9.83138653436e-08 -0.00941398923141 -2.99206568476e-08 0.00524603546815 1.98644434997e-08 
angles: 1.91988031964e-07 0.0419278465519 0.0842829637565 0.127290417758 0.171174913238 0.216320794384 0.263511449315 0.313791117848 0.367386502982 0.424115503998 0.484283167288 0.548404181533 0.61690766819 0.689873944813 0.766716140011 0.848210955394 0.930329348244 1.0118437349 1.10307237117 1.24050500908 1.3675855316 1.46489098471 1.55629641151 1.64248722935 1.72376607765 1.8022846289 1.88003369017 1.95831568195 2.03738139279 2.11684554431 2.19720638898 2.27995216907 2.3653083355 2.45277501183 2.54222075871 2.63405822333 2.72896890195 2.82663665883 2.92747925619 3.03267495095 3.14159249036 3.25051028984 3.35570500728 3.45654898278 3.55421551034 3.64912614694 3.74096443013 3.8304099736 3.91787642424 4.0032330412 4.08597879305 4.16633905785 4.24580343809 4.32486936898 4.40315120497 4.48090036252 4.55941905383 4.64069790478 4.72688874294 4.8182940871 4.91559980901 5.0426812775 5.18011305052 5.27134086094 5.35285591327 5.43497417597 5.51646894261 5.59331199102 5.66627821649 5.73478165394 5.7989025781 5.85907016481 5.9158006344 5.9693959966 6.01967584453 6.06686492517 6.1120108385 6.15589529322 6.19890272362 6.24125783424 
