range:0-360
center: -4.60815063119 5.94912336469 0.0131216873415
a: -7.10323582227e-08 -2.13412948183e-07 0.326086857798 1.15372103846e-07 -0.0680399179367 3.19837587429e-07 -0.00715876451082 -7.61914075183e-08 0.0301062252609 -1.87379512316e-07 -0.0183215115708 8.4457673535e-08 -0.00693604701924 5.7586976172e-08 0.00936458096872 -9.66999760363e-08 0.00111069113818 3.05631273054e-08 -0.00647513246893 5.00466526293e-08 0.00231439874304 -1.95264575711e-08 0.00388537429294 -1.16124839829e-08 -0.00217539522594 
b: -0.000893724289349 0.00540099607454 -4.84702898765e-07 
c: -0.0427003796728 0.286644227538 -2.17411319176e-07 -0.0170378846489 -2.4272246137e-08 -0.0323784700091 -1.0547333584e-07 0.0206330510983 1.26927207845e-08 -0.00668358090988 2.02360067356e-08 -0.00236519008487 2.78259524295e-08 0.00193896569924 -1.11016888417e-07 0.00337125192847 -8.46283162459e-10 
angles: 7.02570392735e-07 0.0433010852725 0.0865754322379 0.129923306675 0.173600092785 0.218090113583 0.263784417053 0.311219462919 0.36096818804 0.414009133984 0.470987237881 0.532849242965 0.599121054907 0.667747939484 0.73717351079 0.807233050832 0.8785829827 0.952080043067 1.02872477888 1.10981693298 1.1959872474 1.2855354022 1.37610129485 1.46860644091 1.57224175442 1.70241411335 1.83499859414 1.93677250783 2.02685145264 2.11428159513 2.2002333821 2.28685466974 2.3753459646 2.46525308013 2.55546701676 2.64629858081 2.73967792509 2.83607608659 2.93523937447 3.03746110124 3.14159213654 3.24572168329 3.34794535183 3.44710743407 3.54350577905 3.63688544735 3.72771798177 3.8179315901 3.90783786963 3.99632953273 4.08295145631 4.16890308885 4.25633352092 4.34641257402 4.44818664097 4.58076998292 4.71094164243 4.81457656615 4.90708203005 4.99764758949 5.0871957397 5.17336603039 5.25445911165 5.33110388547 5.40460211489 5.47595189599 5.54601119057 5.61543791008 5.68406437822 5.75033776199 5.81219988081 5.8691780362 5.92221700012 5.97196784369 6.01940283658 6.06509710513 6.1095870303 6.15326369781 6.19661142676 6.23988792183 
