range:0-360 
center: -4.60815058351 5.67855386138 -0.00652116858401
a: -1.33332013178e-07 -1.53758794589e-09 0.669697633504 2.19228319738e-07 -0.0586061623372 -3.82742912321e-08 -0.144079687774 -4.1363654283e-08 0.0311666673647 1.25823111732e-08 0.0465692260274 -1.1522919357e-08 -0.0157876266905 
b: -0.000188364695678 0.00240193246508 -2.89227622631e-07 -4.8103962742e-05 3.10025060792e-08 -0.000476552975082 7.75960846792e-08 8.52393381364e-05 7.32644213949e-09 5.29165194036e-05 -2.26529944715e-08 -1.32347816609e-05 -4.07758860251e-08 
c: -0.034393822166 0.438575049317 -1.31685464512e-10 -0.00878496877157 -5.15400035355e-08 -0.0870142415339 -3.62164839721e-08 0.0155546737994 1.21627691932e-07 0.00966240784772 -4.4329438854e-08 -0.00241827852157 6.9100441411e-08 
angles: 3.11145380405e-07 0.0509689985104 0.1025653908 0.155311049915 0.209519285847 0.265268700751 0.322579925559 0.381637107246 0.442892832916 0.507127878382 0.57518153102 0.647539698419 0.724145901782 0.804336015299 0.886335013515 0.966995979348 1.04542261518 1.12489827762 1.21818351322 1.33192876005 1.42879857107 1.51837592568 1.60275858811 1.68380442167 1.76175101548 1.83802752857 1.91310736795 1.98890414326 2.06598535493 2.14533345041 2.22607704647 2.30867190437 2.39318930316 2.47952676394 2.56738171422 2.65707175878 2.74894562511 2.84326065014 2.94005577901 3.03957390707 3.1415923829 3.2436110645 3.3431294059 3.439923507 3.53423959591 3.62611246732 3.71580328932 3.80365803932 3.88999534437 3.97451265234 4.05710753458 4.1378514392 4.21719953884 4.29428098447 4.37007777263 4.44515750793 4.52143412432 4.59938068844 4.68042650799 4.7648092135 4.85438660509 4.95125649703 5.06500179945 5.15828695183 5.23776261235 5.31618960191 5.3968502694 5.4788490628 5.55904068461 5.63564605055 5.70800429668 5.77605908657 5.84029307926 5.90155002135 5.96060592788 6.0179183904 6.07366781406 6.12787612891 6.18062044471 6.23221835795 
