range:0-360
center: -4.60815043449 5.85578650832 -0.0165481452132
a: 1.7888870373e-08 -1.62467812645e-07 0.438191780412 -2.15959890514e-08 -0.0866864844902 2.13386704476e-07 -0.0548230036706 1.5057329809e-07 0.0576946649454 -8.71426681086e-08 0.00131432425084 -1.66390809533e-07 -0.0268088371745 4.41717119399e-08 -0.00211268000887 5.41689864766e-08 0.0121745682665 -2.63711273112e-08 -0.00131221366818 -6.84282587346e-08 -0.00497930061742 1.32271222875e-08 0.000641991004217 5.82745412735e-08 0.00248216054178 
b: -0.00105152427938 0.0061330876549 -6.00251990033e-07 
c: -0.0468149352737 0.325709964234 -1.63169275753e-07 -0.00682349441108 1.31815262028e-08 -0.0577024696401 -1.12904467306e-07 0.0220352224066 1.40988513409e-07 -0.00408761706694 1.16118031772e-08 -0.0086492039606 1.24360321589e-07 -0.00352814775653 -3.05501916016e-08 0.00567067288943 1.22762445853e-08 
angles: 6.28318509539 0.0345094814461 0.0695246201209 0.105459412163 0.142725688912 0.181825188077 0.223343464727 0.267984769851 0.31661596215 0.370139857989 0.429152947758 0.493240102502 0.560270389227 0.62851484269 0.697376798138 0.767313260166 0.83716993673 0.908922362056 0.984899195971 1.06780971459 1.15964165434 1.26047747234 1.37729158753 1.54457827787 1.67018143903 1.76885081722 1.85805781443 1.94192711414 2.02346090579 2.10437055059 2.18635974789 2.26996535638 2.35575301387 2.44358034172 2.5335089129 2.62578275062 2.7211186323 2.81963829027 2.92247295945 3.03020458713 3.14159281546 3.25297968628 3.36071177055 3.46354678667 3.56206652233 3.65740242347 3.74967714534 3.83960474075 3.92743265739 4.01321968872 4.09682584686 4.17881459301 4.2597243454 4.34125833099 4.42512778088 4.51433476627 4.61300432907 4.73860782993 4.90589266357 5.02270605154 5.12354228608 5.21537349065 5.29828480153 5.37426164808 5.44601400517 5.51587042243 5.58580785033 5.65466950718 5.72291491214 5.78994475576 5.85403339697 5.91304651022 5.96657051417 6.01520183519 6.05984324758 6.1013616006 6.1404611634 6.17772540268 6.21366232644 6.24867538966 
