range:0-360 
center: -4.60815066993 5.84035286307 -0.0193245106144
a: -1.52764748852e-07 -6.5928946983e-08 0.456045808116 2.13468895793e-07 -0.0852137471441 5.80013342246e-08 -0.0637335658987 2.17478413821e-08 0.0572463307612 2.01478545441e-08 0.00763820053129 -9.19626072587e-08 -0.0268413856813 
b: -0.0002602012977 0.00182493110422 -1.94164384377e-07 -9.53989267043e-06 1.15203137089e-08 -0.000313324479352 1.69446714824e-08 
c: -0.0460578434207 0.332020139385 -7.59728400725e-08 -0.00487306673646 -7.78205633439e-08 -0.0597932710769 -8.2425891292e-08 0.0208912372474 1.62296656771e-07 -0.00318265930831 -1.47733567808e-08 -0.00813382098767 7.80347979879e-08 
angles: 8.06867263954e-07 0.0358552601728 0.072160961082 0.109345740238 0.14784270889 0.188107642106 0.230648834754 0.276142039223 0.325629554545 0.380340924992 0.440916439387 0.506552392009 0.574693932826 0.643759346119 0.712755779375 0.781668556612 0.851910303436 0.924569514491 1.00180070871 1.0859408386 1.17933824868 1.28413158336 1.41481010612 1.57933258292 1.68446572875 1.77756872592 1.86366718151 1.94577409307 2.02633154937 2.10670920943 2.18832444003 2.27171030822 2.3573091991 2.44495739798 2.53469016191 2.62686976335 2.7220804495 2.82036810094 2.92296410253 3.03041089165 3.14159202209 3.25277186301 3.36022062882 3.46281557586 3.56110449087 3.65631512851 3.74849457997 3.83822723042 3.92587520255 4.01147402728 4.09485982742 4.17647555577 4.25685311445 4.33741079612 4.41951766663 4.50561596271 4.59871896507 4.70385208388 4.86837375516 4.99905205478 5.1038452987 5.19724330137 5.28138350293 5.35861473659 5.4312739061 5.50151664356 5.57043037863 5.63942653858 5.70849284915 5.77663413359 5.84227143757 5.90284712193 5.95755871761 6.00704644933 6.05253784554 6.09508106821 6.13534607921 6.17384312571 6.21102592569 6.24733369634 
