range:0-360 
center: -4.60815063417 5.597687006 0.00575895565564
a: -1.46523728916e-07 -1.15607908322e-08 0.730046983059 2.51479064324e-07 -0.0571317972619 -1.29925620817e-08 -0.154136487682 -7.40185675534e-08 0.03651682524 5.85494961189e-09 0.0471372939891 2.82211442865e-08 -0.0197220023719 
b: -0.000170810122763 0.00263350568705 -2.97986321522e-07 -1.42063143317e-05 5.90485421698e-08 -0.0005165873698 1.00342535658e-07 
c: -0.0309781694798 0.480163213947 -9.30306194784e-09 -0.00383983025389 -4.60317156598e-08 -0.095680335796 -3.08243465431e-08 0.0145969747991 1.30101629611e-07 0.010862446403 -1.76514781044e-08 -0.00440587184411 8.69133027544e-08 
angles: 4.24617733025e-07 0.0561723568316 0.113438232998 0.172071322813 0.231958465717 0.293053136822 0.355400326452 0.419154338352 0.484631670048 0.552434754709 0.623177159032 0.697349916138 0.774597304386 0.853750575672 0.933160364546 1.01130217125 1.08911260113 1.17049570916 1.26880090347 1.3673545433 1.45624551091 1.54176876445 1.62342531695 1.70320995281 1.78135937163 1.85853734622 1.93643201836 2.01387252873 2.08964519143 2.16477924636 2.24424597019 2.32674750854 2.41098605689 2.49665936092 2.58365967518 2.67181098117 2.76148614065 2.85310784757 2.94698608825 3.04323079807 3.14159227019 3.23995394644 3.33619887328 3.43007620552 3.52169805412 3.61137400722 3.69952515434 3.78652526414 3.87219843214 3.95643693834 4.03893896625 4.11840567395 4.19353966117 4.26931244374 4.34675294613 4.42464758594 4.50182573794 4.57997509504 4.65975979305 4.74141636108 4.82693967536 4.91583071084 5.01438463312 5.11268954298 5.19407244699 5.27188323944 5.35002536215 5.42943485689 5.5085886059 5.58583592513 5.66000877294 5.73075125565 5.79855540337 5.8640316999 5.92778565981 5.99013277474 6.05122741049 6.11111577435 6.16974897466 6.22701371193 
