range:0-360 
center: -4.60815094709 6.0025064528 0.0327096376394
a: -2.36103898741e-07 -1.30689512168e-08 0.276816280668 2.72720958763e-07 -0.0474385082946 -3.83730257227e-08 0.00270819699036 -2.5606739096e-08 0.00778909374924 3.93392162912e-08 -0.009565427216 -1.87583813085e-08 0.0039430243757 -6.61509049874e-09 0.00185087264223 6.78369519826e-09 -0.00107784324028 
b: -0.000198037190104 0.00145774247996 -6.83298803836e-08 -0.000135987765215 4.97383695778e-08 
c: -0.0357308146254 0.266326632591 -1.36171567214e-08 -0.0239957852372 -1.98664329587e-07 -0.0132164986083 -6.47095964479e-08 0.0156210984197 4.85663192879e-08 -0.00631484420646 -6.60689436778e-08 0.00387301581339 5.58256596678e-09 0.00141487029875 -3.83776253157e-08 0.00114743523575 -1.51359442787e-08 
angles: 2.21606870993e-06 0.0508774739228 0.101585179158 0.152146236303 0.202710711627 0.253486523891 0.304767613014 0.356918602483 0.410431983388 0.46589726097 0.524064672783 0.585740786747 0.651397829878 0.720503590471 0.791886115204 0.864640630257 0.939152191537 1.01607402317 1.09582760154 1.17842927982 1.2633607912 1.34996734089 1.43797342749 1.52757797994 1.61935127501 1.71427073959 1.81486843837 1.92244063451 2.02138147867 2.11549788843 2.20843031953 2.30022979142 2.39124640743 2.4824961732 2.57363668171 2.66436027176 2.75630813297 2.85036350746 2.94589184666 3.04307332494 3.14159103018 3.24010725404 3.33729064271 3.43281911954 3.52687452401 3.6188212999 3.70954576559 3.80068680398 3.89193720937 3.98295338436 4.07475229148 4.16768512182 4.26180175243 4.36074201663 4.46831378852 4.56891191018 4.66383150981 4.75560503048 4.84521001066 4.93321643764 5.01982330291 5.10475503665 5.18735780348 5.26711052824 5.34403361942 5.41854510477 5.49130097097 5.56268325128 5.63178886282 5.69744781929 5.75912405331 5.81729156148 5.87275687557 5.92627013465 5.97842095954 6.02970185633 6.08047974031 6.13104396765 6.18160479803 6.23231232789 
