range:0-360
center: -4.60815088153 6.01914848089 0.0365157945256
a: -2.09315989181e-07 -5.59140351031e-08 0.269972144978 2.63351678321e-07 -0.0444966580616 1.68807145438e-08 0.003099432973 -6.4408425095e-08 0.00598488085001 2.92533685489e-08 -0.00771450536104 -7.5332022997e-09 0.00420779798465 
b: -0.000695950631942 0.00495500373313 -4.01335097533e-07 
c: -0.0344711299946 0.262824891402 -5.53608656494e-08 -0.0243995277009 -1.55219739388e-07 -0.0102591130475 -9.46754239381e-08 0.0141460038263 4.19439231906e-08 -0.00548047485463 -5.32646378341e-08 0.00424489496278 -3.8645899946e-08 
angles: 1.91466875133e-06 0.0520034695759 0.103889389035 0.155690073218 0.207510176454 0.259519125207 0.31192932792 0.365046936404 0.419363614983 0.475429625889 0.533969129521 0.595778622835 0.661346244624 0.730341830219 0.801608338455 0.874556139896 0.949351119032 1.02651154511 1.10640499961 1.18887451031 1.27335116584 1.35937655905 1.44700591277 1.53631198188 1.62780361064 1.72209878734 1.81966865712 1.92115781209 2.0214983695 2.11672341768 2.21007020638 2.30205187113 2.39324009428 2.48459288205 2.57585687317 2.66680350725 2.7588101924 2.85257011769 2.94759094019 3.04397533812 3.14159125804 3.23920734786 3.33559195533 3.43061281668 3.52437285284 3.61637972365 3.70732614003 3.79859075917 3.8899422906 3.98113121218 4.0731132397 4.16645961687 4.2616848392 4.36202505794 4.46351424218 4.56108387549 4.6553792962 4.74687111688 4.83617746445 4.92380708892 5.00983272998 5.09430959763 5.17677924906 5.25667383767 5.33383433249 5.40863065419 5.4815784681 5.55284642482 5.62184194888 5.68740974064 5.74921926746 5.80775882723 5.86382480794 5.91814133278 5.97125874785 6.02367100412 6.07567966063 6.12749951613 6.17929999168 6.2311880276 
