range:0-360
center: -4.60815082192 5.99584274292 0.0306075123838
a: -1.87136314183e-07 -1.06266252602e-07 0.281701071751 2.48987828532e-07 -0.0503345643553 9.29019170668e-08 0.00310505704367 -7.57688348843e-08 0.00936591509345 -4.38638336757e-09 -0.0110469834713 1.18052444899e-08 0.00393093345816 -3.14293785385e-09 0.00244531657236 -4.84275541155e-09 -0.00116878607617 3.24324078159e-08 -0.000525893367235 
b: -0.000755007203393 0.00508310707195 -3.17863075254e-07 
c: -0.0371195681239 0.269784981703 -1.07341297166e-07 -0.0238117387385 -1.25463297517e-07 -0.0150429694221 -1.20642468267e-07 0.017119493204 4.51346350695e-08 -0.00686559574157 -3.98916058958e-08 0.00412307993639 -2.46262626417e-08 
angles: 1.60780698174e-06 0.0499706846009 0.0997599578729 0.149392459336 0.1990212899 0.24886900078 0.299238147797 0.35051385229 0.403211466178 0.457874075555 0.515317324146 0.576375047618 0.641566087193 0.710403732729 0.781481596214 0.853962313705 0.928189839179 1.00480387871 1.08434273246 1.16694652666 1.25214250534 1.33917308618 1.42761343855 1.51763103961 1.60979812046 1.70541258775 1.80995795657 1.92116208579 2.01987512807 2.11391772793 2.2068450338 2.2985578511 2.389545589 2.48079356063 2.57182597519 2.66240311288 2.75430361374 2.84857070827 2.94450081028 3.0423437946 3.14159147357 3.2408376727 3.33868255166 3.43461282143 3.52887867642 3.62077958406 3.71135658684 3.80238966071 3.8936376114 3.98462599975 4.07633872903 4.1692657565 4.26330880705 4.36202169406 4.47322481293 4.57777011872 4.67338481694 4.76555207501 4.85556986251 4.94401043215 5.03104117455 5.11623728076 5.19884113765 5.27838109942 5.35499521877 5.42922259383 5.50170454859 5.57278214668 5.64162144183 5.70681250561 5.76787032977 5.82531362783 5.87997837921 5.93267370748 5.98394923233 6.03432043332 6.08416794258 6.13379652499 6.18343106559 6.23322016096 
