range:0-360
center: -4.60815073848 5.97250045538 0.022760516475
a: -1.26393477703e-07 -1.70814549033e-07 0.300385615334 1.90213962397e-07 -0.0587028897468 2.21102531089e-07 0.000493165259182 -1.21529491134e-07 0.0176913460522 -9.62135524701e-08 -0.0158382270675 9.97661387803e-08 0.000668922531272 1.45558107287e-09 0.00607909220269 -6.86655732252e-08 -0.00137656393666 6.71641506288e-08 -0.00337678471949 1.83453119346e-08 0.00327129117843 -3.31008763891e-08 0.00182241766516 2.37634163447e-08 -0.002336675495 
b: -0.000823370592935 0.0052407005195 -3.97410227965e-07 
c: -0.0400209210709 0.278148203845 -1.74674465612e-07 -0.0211919914336 -5.98075940353e-08 -0.022741573924 -1.17545436084e-07 0.0196898514532 4.96138828031e-09 -0.00726703017473 4.14444355894e-10 0.00159856360054 -1.16594143512e-08 0.00258247457881 -9.44472812621e-08 
angles: 1.20201674042e-06 0.0471734403119 0.0942006832906 0.141106661812 0.188050934734 0.235368772754 0.283406672498 0.332616388599 0.38359649476 0.43714585433 0.493958140819 0.554819437671 0.620351555979 0.689306005574 0.759768279549 0.831222460481 0.904251977514 0.979572245942 1.05797466246 1.14008796992 1.2258929127 1.31410092329 1.4035361761 1.49423996511 1.5871438056 1.69094348356 1.81688023969 1.92786912006 2.02406667559 2.11490789981 2.20452329526 2.2938451959 2.38373898673 2.47440098147 2.56497356406 2.65551110925 2.7478526435 2.84301218998 2.9403417976 3.04017215641 3.141591766 3.24300987266 3.34284218025 3.44017056774 3.53533031748 3.62767345872 3.71821070644 3.80878302258 3.89944493644 3.98933824994 4.07866125005 4.16827644441 4.25911794237 4.35531562216 4.46630386422 4.59223948338 4.69603915993 4.78894304321 4.8796470246 4.96908233944 5.05729049244 5.1430955195 5.22520974665 5.30361226167 5.37893245741 5.45196322747 5.52341715592 5.59388074482 5.6628349611 5.7283671202 5.78923040271 5.84604073509 5.89959010833 5.95057014402 5.99978194171 6.04781972027 6.09513736891 6.14208145613 6.18898948828 6.23601433283 
