range:0-360
center: -4.6081505239 5.87907881737 -0.0113156968728
a: -2.60825616621e-09 -1.84181820638e-07 0.41114169637 2.09420244562e-08 -0.0844369717493 2.54567444446e-07 -0.0429601683717 8.51394478308e-08 0.0544085026907 -1.12004784052e-07 -0.00532321960111 -1.00322971335e-07 -0.0242863222955 6.18604597163e-08 0.00253323359816 1.6978551131e-08 0.0106321322302 -4.89496501806e-08 -0.00411909232353 -3.47988731844e-08 -0.00451771665468 3.19901437765e-08 0.0021940979985 1.92411053e-08 0.00233766390718 
b: -0.00103004729437 0.00592947847559 -5.95179556745e-07 
c: -0.0464634182201 0.31496677607 -1.83559666968e-07 -0.00832054718575 1.70571081751e-08 -0.0532777876157 -1.12359098457e-07 0.0215450236178 1.21680078409e-07 -0.0048258345647 2.82206478623e-08 -0.00840923189761 1.06146448892e-07 -0.00240635102334 -2.2474883972e-08 0.00489771147745 1.70534850136e-08 
angles: 1.91988031964e-07 0.0349545269208 0.0703401841054 0.106590223093 0.144157664076 0.183581661679 0.225433783931 0.27042889379 0.319378566506 0.373060087392 0.431992781498 0.495755078106 0.562492286041 0.630038403011 0.697591176426 0.765477492394 0.834932477171 0.90848132274 0.984054121973 1.06570696956 1.15602517834 1.2533603641 1.36001395645 1.49568414563 1.65359177309 1.76075588537 1.85455235727 1.94091576778 2.02387573961 2.10582346927 2.18811763709 2.27184953996 2.35778448638 2.44578088656 2.53578003462 2.62786323553 2.72303136116 2.82148136741 2.92400052251 3.03116678566 3.14159250989 3.25201844153 3.35918359181 3.4617031354 3.56015329576 3.65532156311 3.74740472795 3.83740387054 3.92540032329 4.01133539741 4.09506795578 4.17736159288 4.25930941708 4.34226952523 4.42863304972 4.52242950401 4.62959379975 4.78750060186 4.9231697673 5.02982316753 5.12715827433 5.21747645851 5.29912927633 5.37470301068 5.448251891 5.51770674825 5.58559282108 5.6531465405 5.72069218112 5.78743048871 5.85119433295 5.91012703425 5.96380677937 6.01275650374 6.05775170662 6.09960598293 6.1390279298 6.17659541174 6.21284548039 6.24823115856 
