range:0-360 
center: -4.6081507951 5.27419269085 0.0502156809904
a: -2.4715525712e-07 -2.00452014578e-08 0.792231417099 3.39052719449e-07 -0.0508304788522 2.31198130898e-08 -0.13871877154 -3.49059447404e-08 0.0535458015389 -2.11187849162e-08 0.0501919385756 -1.76592286186e-09 -0.0417310666633 3.96100824586e-09 -0.0320774272452 -3.07635060897e-08 0.0283449781876 
b: -0.000124720372282 0.00308962022725 -2.97534965459e-07 4.27684649338e-05 -1.34394848453e-08 
c: -0.0204363978707 0.564024597374 -2.26539800086e-08 0.0103165347492 -1.53722060386e-07 -0.0895258621381 -1.9587589217e-08 0.00730113733571 1.49604695317e-07 -0.00104530839351 -1.47030855487e-08 -0.00415349894685 1.11165119528e-07 -0.0192951690805 -2.96493467666e-08 0.00959794061293 7.66426128149e-08 
angles: 7.03833441652e-07 0.0681217630395 0.136990645163 0.206595116444 0.276904528691 0.347939714565 0.419797898801 0.492576477028 0.566009904748 0.639845339275 0.713958400644 0.788612369036 0.863948287188 0.939985351458 1.0167370372 1.09444573951 1.17278657882 1.25109410898 1.32962028691 1.42116255121 1.51119024429 1.59246348269 1.67211261974 1.75117649829 1.82981237556 1.90728055054 1.98196479187 2.05512153382 2.13359082099 2.21378192927 2.29481373622 2.37633386958 2.45828925908 2.54090836636 2.62443919277 2.70876366105 2.7936053664 2.87907775261 2.9652904773 3.05273829639 3.14159194787 3.23044588211 3.31789403219 3.40410588916 3.48957907562 3.57442061468 3.65874497972 3.7422758075 3.82489543114 3.90685066184 3.98837065784 4.06940235681 4.14959370422 4.22806312854 4.30122006743 4.37590444015 4.45337267279 4.5320086112 4.61107253122 4.69072169574 4.77199498009 4.86202272174 4.95356505799 5.03209137711 5.1103989952 5.18873980883 5.2664484767 5.34320052305 5.41923751604 5.49457339188 5.56922714528 5.64334072035 5.71717661187 5.79060988248 5.863389255 5.93524661574 6.00628273681 6.07659221511 6.14619678134 6.21506584294 
