range:0-360 
center: -4.60815072954 5.43594613075 0.0291734355735
a: -2.0011380987e-07 -3.83450795009e-09 0.791063954764 3.10242781876e-07 -0.0553132986973 -5.3867596792e-09 -0.15071347325 -6.62504591536e-08 0.0460684981563 1.21842237748e-08 0.0468260179508 6.54591637715e-09 -0.0287359977081 
b: -0.000140960261416 0.00296104724106 -3.30710160661e-07 2.64871388097e-05 1.11828137277e-08 -0.000544968651994 8.98877675711e-08 6.82918452534e-05 3.59309227878e-09 2.29205267018e-05 -3.5482608413e-08 -3.63690726054e-05 -2.22344701535e-08 
c: -0.0257393507348 0.540690946071 -2.91695657438e-09 0.00482637006449 -8.9243219174e-08 -0.0995106992607 -1.78322455811e-08 0.0124649701831 1.55225103242e-07 0.00419359101375 -1.72449152803e-08 -0.00664095226915 1.16258364409e-07 
angles: 6.06570614488e-07 0.0633974304369 0.127998898496 0.193697509731 0.260348701695 0.327935072473 0.396479319195 0.466043020212 0.536822153617 0.609039667589 0.682459373267 0.756786033531 0.83204337186 0.90814813843 0.985203587699 1.06322828012 1.14208974387 1.22232840005 1.30920596999 1.40358472472 1.48904944383 1.5715403338 1.65164778423 1.73089317784 1.80904992132 1.88677613739 1.96463299939 2.04194890388 2.11823475302 2.19425766636 2.27335440306 2.3552019551 2.43866528507 2.52323926218 2.60843169486 2.69427538603 2.78095015201 2.86860067882 2.957633019 3.04863297708 3.14159206997 3.2345503603 3.32555172674 3.41458419207 3.50223380974 3.58890848204 3.67475276203 3.75994562693 3.84451942354 3.92798272335 4.0098303579 4.08892739595 4.16495004102 4.24123584661 4.31855197298 4.39640886742 4.47413513111 4.55229192676 4.63153731843 4.71164482456 4.79413575093 4.87960054027 4.97397940279 5.06085697136 5.14109592626 5.21995736593 5.29798206697 5.37503788142 5.45114255282 5.52639983312 5.60072633258 5.67414662142 5.74636409307 5.81714409442 5.88670692147 5.95525202753 6.02283840476 6.08948859941 6.15518725255 6.21978890744 
