range:0-360 
center: -4.60815072656 5.92140368223 0.00190669306323
a: -1.99457687211e-07 -7.34486963798e-08 0.359407451299 2.89756847057e-07 -0.0747601871813 7.60778519804e-08 -0.0221945251804 -7.12784339669e-08 0.0421573909986 -7.55891256204e-09 -0.0138247954511 -2.28485395001e-09 -0.0166225342821 -2.03216981533e-08 0.00710368400159 -2.82073203405e-08 0.00509232769352 
b: -0.000259362672109 0.00161056338753 -1.82941474294e-07 -9.15195042722e-05 4.88465644678e-08 
c: -0.0437661858394 0.295261508999 -7.34686970585e-08 -0.0125836135294 -1.07315735455e-07 -0.0422611189482 -6.82298340934e-08 0.0195842343873 1.10781998377e-07 -0.00598055755723 5.73323134533e-09 -0.00615613156051 4.1311441518e-08 -5.46066240478e-05 -2.14609761064e-08 0.00411695448194 4.26611183557e-09 
angles: 1.17256138163e-06 0.038990120806 0.0782211341116 0.118060099655 0.158903720325 0.201291033094 0.245645394342 0.292634657942 0.342953678382 0.397578911356 0.456855771986 0.520744399804 0.587760831227 0.655997240159 0.724313722385 0.792940814186 0.862509012423 0.934168505775 1.01008785633 1.09110673414 1.17807652567 1.26911476883 1.36455985593 1.46939510002 1.59887932026 1.74323714397 1.8504344666 1.94147773404 2.02758234626 2.11136933855 2.19494741526 2.27977338426 2.36698641073 2.4559592013 2.54594154832 2.63731344516 2.73175574362 2.82930963159 2.93020615599 3.03470396257 3.14159179953 3.2484781741 3.35297642515 3.45387337766 3.55142737658 3.64586991921 3.73724279312 3.82722388914 3.91619748127 4.00341053772 4.08823659502 4.17181513519 4.2556019565 4.34170674787 4.43274982499 4.53994682981 4.68430336396 4.81378777417 4.91862330709 5.01406848983 5.10510680351 5.1920774453 5.2730964626 5.34901589816 5.42067541888 5.49024475057 5.55887165188 5.62718922772 5.69542681385 5.76244297465 5.82633149789 5.88560838074 5.94023575229 5.99055285769 6.0375421707 6.08189659697 6.12428619647 6.16512985292 6.20496882741 6.24419982984 
