range:0-360 
center: -4.6081507951 5.27419269085 0.0502156809904
a: -2.49464565794e-07 -2.32463253812e-08 0.792108164308 3.42971509536e-07 -0.0505393845935 1.79689986991e-08 -0.138671663068 -3.52085124967e-08 0.0527236357034 -1.53815103964e-08 0.0506809886334 -1.30267650732e-08 -0.0426844036274 
b: -0.000113366698027 0.00308899869834 -2.98222574108e-07 5.82018725012e-05 -1.68205250577e-08 -0.000489846097976 7.29258793702e-08 3.68620604742e-05 -2.44923411469e-08 -5.68824572761e-06 -8.92353130009e-09 -2.63898719657e-05 -6.69371740595e-09 
c: -0.0207006388929 0.564047128268 -2.2707444436e-08 0.0106321338084 -1.47603449505e-07 -0.0894464062623 -1.87913225129e-08 0.00672992285881 1.49671505936e-07 -0.00103398158935 -9.69129398834e-09 -0.00481536034156 1.12504237281e-07 
angles: 7.03833441652e-07 0.0681217630395 0.136990645163 0.206595116444 0.276904528691 0.347939714565 0.419797898801 0.492576477028 0.566009904748 0.639845339275 0.713958400644 0.788612369036 0.863948287188 0.939985351458 1.0167370372 1.09444573951 1.17278657882 1.25109410898 1.32962028691 1.42116255121 1.51119024429 1.59246348269 1.67211261974 1.75117649829 1.82981237556 1.90728055054 1.98196479187 2.05512153382 2.13359082099 2.21378192927 2.29481373622 2.37633386958 2.45828925908 2.54090836636 2.62443919277 2.70876366105 2.7936053664 2.87907775261 2.9652904773 3.05273829639 3.14159194787 3.23044588211 3.31789403219 3.40410588916 3.48957907562 3.57442061468 3.65874497972 3.7422758075 3.82489543114 3.90685066184 3.98837065784 4.06940235681 4.14959370422 4.22806312854 4.30122006743 4.37590444015 4.45337267279 4.5320086112 4.61107253122 4.69072169574 4.77199498009 4.86202272174 4.95356505799 5.03209137711 5.1103989952 5.18873980883 5.2664484767 5.34320052305 5.41923751604 5.49457339188 5.56922714528 5.64334072035 5.71717661187 5.79060988248 5.863389255 5.93524661574 6.00628273681 6.07659221511 6.14619678134 6.21506584294 
