range:0-360 
center: -5.13256243467 1.29265080094 0.0280453788116
a: 0.00397166638087 -0.0106437716734 0.205875338377 -0.00752440365903 -0.0159529619755 0.00973145669288 0.00833058065447 0.00267507680062 0.00484030854345 -0.000196105525261 0.0023071528136 0.000858029011758 -0.00031275089622 
b: 0.000736171549975 -0.0177342691809 -0.00764300427374 0.000728114609143 0.00062664136874 
c: -0.0110712703357 0.226476081979 -0.0106451054376 -0.00618550551796 0.000422367524602 0.0122586203077 -0.011544415031 0.00490509755891 -0.00441846555259 0.00162790707216 -0.00203798293075 0.000392186309525 -0.00100189666478 
angles: 6.25389100453 0.112898040591 0.253659256539 0.39446860273 0.536814608574 0.681963235284 0.83101688601 0.984904748426 1.14417060075 1.30906319824 1.47870142496 1.64904889877 1.8174721525 1.98553723162 2.1533747209 2.32142542196 2.49013354818 2.65931948877 2.8286226866 2.99833006598 3.16868866549 3.33916457333 3.50923035588 3.67970016346 3.85008196796 4.01942950339 4.18674792053 4.35083585824 4.5110328751 4.66756797538 4.8204485375 4.96984441535 5.11600259192 5.25925267385 5.40055752225 5.54094371178 5.6816405113 5.82365523523 5.96693225872 6.11057628982 
