range:0-360 
center: -5.12950783968 1.38657722175 0.0329625623534
a: 0.0035918482771 -0.0100311007359 0.221406260487 -0.00772125125075 -0.0194134497567 0.00836700295192 0.00924421251473 0.00290742497097 0.0065513445795 0.000447739352038 0.00186201656968 0.00113011515355 2.37692954283e-05 
b: 0.000865827768563 -0.0191450833479 -0.00833160449582 0.000677669933405 0.000846614036434 
c: -0.0124598054674 0.243784501271 -0.0100331378531 -0.00550649778345 -0.000534941397423 0.0131170483495 -0.0116845496324 0.00733057593193 -0.00534409091937 0.00202400018126 -0.00289730603078 0.000810709879711 -0.00142714608439 
angles: 6.25953072357 0.118018567033 0.257889624536 0.397000709571 0.537631014348 0.681542124143 0.829816833492 0.982712378229 1.14050506028 1.30390651344 1.47220597351 1.64217237028 1.81085234918 1.97928535155 2.14712164937 2.31507582956 2.48385848007 2.6532203456 2.82288064954 2.99308323141 3.16390809653 3.33478861564 3.5055027571 3.67600233938 3.84607229814 4.01525096597 4.18327400999 4.34925948395 4.51226401371 4.67168952644 4.82725638856 4.97855258266 5.12567132741 5.26912473906 5.40994937858 5.5494849469 5.68918490003 5.83037383061 5.97310399871 6.11650498196 
