range:0-360 
center: -5.13551683426 1.19849025309 0.0259943299927
a: 0.00415567259161 -0.00981282054696 0.189239072038 -0.00728358245009 -0.0113972857984 0.00914043274317 0.00652574684443 0.00295634386053 0.00373681029939 -0.000384294541626 0.00192147289134 0.000266135741979 -0.000395245649706 
b: 0.000478453348028 -0.0161354321747 -0.00702377794263 0.000614424106667 0.000383270008299 
c: -0.00801721443963 0.206123952878 -0.00981271792694 -0.00463679882271 0.00102963639705 0.0103490251333 -0.0104818937503 0.00300697976134 -0.00329728056799 0.00191619128301 -0.00173530454771 -0.000291320862212 -0.000154681503908 
angles: 6.2467675619 0.108775383947 0.25338379006 0.398487951241 0.545241302702 0.694624285802 0.84772780683 1.00522412393 1.16722085679 1.33312364878 1.5014886385 1.66995751008 1.83715836239 2.00366649234 2.17017327708 2.33713540557 2.50455723956 2.67212350187 2.83963433135 3.00722159336 3.17542528314 3.34422857824 3.51243901224 3.67990750991 3.8467668865 4.01243082401 4.17580992185 4.33621858046 4.49345336837 4.64721562127 4.79756505858 4.94513556729 5.09073244491 5.23487486268 5.37807270582 5.52109629157 5.66471722482 5.80943502539 5.95510946836 6.10099846007 
