range:0-360 
center: -5.21646193266 0.127608071826 0.363565380126
a: -0.00359019142575 0.00881817176709 0.103648630967 0.00782906807694 0.00103825980778 
b: 0.0088735597381 0.168143853673 0.00414615075544 0.0114917870799 0.000780505358331 
c: 4.1980158996e-05 0.0287732611285 0.00145797948356 
angles: 0.644803569859 1.04494805995 1.22118452954 1.31827161081 1.38157067406 1.42745419984 1.4635405092 1.49373378837 1.52045397366 1.54523374604 1.56920165701 1.59334710132 1.61872958094 1.64626901922 1.67690361571 1.71254760351 1.75665643125 1.81558317669 1.90266965753 2.05098193646 2.35820494227 3.06138803717 3.85975160885 4.23258693518 4.40415089874 4.50077161186 4.56361450972 4.60793678182 4.64246939592 4.6725651927 4.7006741457 4.72889222049 4.75917066225 4.79377507384 4.83595435389 4.89151871691 4.97249222701 5.10813889299 5.38759610367 6.06410292539 
