range:0-360 
center: -5.21602745056 0.0763500524685 0.613814623654
a: -0.00373440729874 0.000511280404027 0.0947636478366 0.00743260548347 -0.00423519935969 
b: 0.00164607451006 0.129204080952 -0.00154280422959 0.00361890656447 0.00340041895814 
c: -0.000224165085287 0.0221679591823 0.000447510678273 
angles: 0.729037275329 1.060358925 1.21802535848 1.30926263592 1.37015245046 1.41525411938 1.45130624237 1.48193575831 1.50926578721 1.53474259491 1.55943128309 1.58420067898 1.6099027839 1.63737119067 1.66768818061 1.70246253475 1.74499313287 1.80197469067 1.88757937564 2.03702702923 2.36076880112 3.13573783423 3.93576332534 4.27463403837 4.42863754285 4.51594547111 4.57369549994 4.61624820403 4.65002863907 4.67944109847 4.70773349777 4.73682066249 4.76855887429 4.80523208138 4.85145461048 4.91438004144 5.00885127837 5.17302655943 5.52091758319 6.27820045142 
