range:0-360 
center: -5.21671103239 0.0870076698716 0.550879144669
a: -0.00411973978629 0.0038210811916 0.100304492981 0.00767220924829 -0.0053797299243 
b: 0.00153520967733 0.141562092168 0.00149854055814 0.00426445516712 0.00161316317248 
c: -0.000330100083383 0.0242903673633 0.00100469420841 
angles: 0.725781242441 1.058769047 1.21740177163 1.30911810837 1.37035877093 1.41562115399 1.451717577 1.48231847632 1.50958660719 1.5349929719 1.55959336446 1.58427394313 1.60978532304 1.63656375171 1.66565026742 1.69927554188 1.74097849254 1.79720015509 1.88157551424 2.02908933342 2.35108580437 3.13270465876 3.94100815209 4.27872914597 4.43133232151 4.51758944331 4.57445242069 4.61615606211 4.64982769777 4.67932442448 4.70780055114 4.73707265847 4.76940514561 4.80687553268 4.85337174314 4.91621837681 5.01049515335 5.17424414247 5.52082661906 6.27441506852 
