range:0-360 
center: -5.21701469421 0.112877563643 0.42579504326
a: -0.00442203434883 0.00837036331936 0.103623784588 0.00786508354435 -0.00232729917563 
b: 0.00487290029626 0.154974189792 0.0045237854026 0.00785468973845 0.000727654924361 
c: -0.000204763455266 0.0265938308382 0.00153370438159 
angles: 0.704439763737 1.05949285454 1.2233819788 1.31633613929 1.37769598204 1.42277042134 1.45851879219 1.48867989095 1.51545712999 1.54036878392 1.5644709841 1.58873362191 1.61403643365 1.64084453061 1.67022470952 1.70419656703 1.74610652742 1.80200267034 1.88467322591 2.02599563109 2.3227210385 3.03469367359 3.87014439841 4.24598024757 4.41418551939 4.5077960371 4.56858447066 4.61209029934 4.64613200108 4.6759944449 4.70423877129 4.73298509738 4.76422850974 4.80028613821 4.84477958315 4.90416153498 4.99216459266 5.143375305 5.46239014205 6.1978264691 
