range:0-360 
center: -5.21332759857 0.140662752651 0.301068721712
a: -0.00217924189535 0.00850709084369 0.101623684039 0.00631437063342 0.00262096213603 
b: 0.0129687732814 0.181532359292 0.00420133274652 0.0157828552726 0.00111045749803 
c: 0.00024352661501 0.0309659826269 0.00144809809941 
angles: 0.490377074471 0.987794866371 1.19782239775 1.30842470879 1.3774920118 1.42624724609 1.46394073701 1.49515232971 1.52257861834 1.54786960189 1.57225859012 1.59684717722 1.62276210722 1.65139890562 1.6840149739 1.72270296211 1.77147340841 1.83807290485 1.93934984865 2.11814018327 2.50002385562 3.27988386877 3.95769785298 4.26411076371 4.41496561728 4.50401171197 4.56322863659 4.60614292442 4.64040231286 4.67021097487 4.69798264777 4.72568269404 4.75513384353 4.78839146365 4.82837836874 4.88012110109 4.95367177915 5.0726489992 5.30439435895 5.86100932417 
