range:0-360 
center: -5.20957826376 0.0516027279507 0.739137336612
a: -0.00120434369892 0.000519266629809 0.0688820946099 0.00302482060505 -0.00646153879091 
b: -0.00358092479089 0.0916348844296 -0.000212072886313 -0.00188002159235 0.00290496285599 
c: -0.000403781865902 0.0156502755757 0.000500030442643 
angles: 0.446218503604 0.907449926936 1.12961972062 1.25260357609 1.331389674 1.38770812493 1.43147259058 1.46759687778 1.49876280452 1.52699310195 1.55370757404 1.57991694352 1.60641315623 1.6344601741 1.66575578301 1.70271440335 1.75022778067 1.81791523953 1.92841197986 2.14845475119 2.70675474137 3.67473595839 4.17644548468 4.37797773996 4.48173451537 4.54621668017 4.59168584549 4.62694963443 4.65697199629 4.68480040483 4.71221851462 4.74107989094 4.77421210565 4.81184858383 4.85816308405 4.92097372921 5.01057311757 5.15257874246 5.41753365028 5.96715985607 
