range:0-360 
center: -5.21684379578 0.099401648133 0.48824474737
a: -0.00452630902993 0.0069992393135 0.102913485446 0.00771909150923 -0.00467067163608 
b: 0.00292229202963 0.146706496363 0.00391346539774 0.00609493228109 0.000718131388374 
c: -0.000322670187948 0.0251880807526 0.00142984603383 
angles: 0.720533951982 1.06000104243 1.22000840596 1.31205364151 1.37327575625 1.41840286777 1.45434515554 1.4847627966 1.51184884277 1.53706733617 1.56147571305 1.58600463305 1.61138816307 1.63792980091 1.66676502702 1.70010110657 1.74138414528 1.79672767587 1.87919952256 2.02185001377 2.32798878217 3.07568057364 3.90749792021 4.26495748725 4.42470264457 4.51400917465 4.57242234886 4.61480072598 4.64846674657 4.67813746955 4.70648217394 4.7357197692 4.76763802967 4.80475013705 4.85063401967 4.9121581461 5.00411026156 5.16349932995 5.5009829981 6.25100022354 
