range:0-360 
center: -5.21380565166 0.065411731723 0.676713775098
a: -0.00284198825782 0.000886711444629 0.0856121910888 0.00651485252809 -0.0046116992116 
b: 0.000476856107052 0.109017565408 -0.000604497199555 0.00240662528527 0.00401009367386 
c: -0.000261850682385 0.0187226831949 0.000544919649192 
angles: 0.678897510871 1.03321668268 1.2022874645 1.29922740396 1.36332580039 1.41036499439 1.44779343886 1.47949209526 1.50766223133 1.53378174653 1.55896997501 1.58415568594 1.61022984769 1.63815532309 1.66899720485 1.70385466348 1.74621872802 1.80417295128 1.89261769153 2.05061344793 2.40436009975 3.23558386084 3.99039471878 4.29801506648 4.44050196064 4.52259746678 4.5774480985 4.61811981226 4.65099779951 4.68007895881 4.70811849243 4.73686400908 4.76785136614 4.80472476321 4.85210054214 4.9147958981 5.0099873897 5.17452545002 5.50870971916 6.22216317068 
