range:0-360 
center: -3.2261212647 4.22942711115 0.0450756762643
a: -0.00255071661226 0.00115403232438 0.171243518243 0.0027109847731 -0.00520172086545 -0.0015913636954 0.008868477903 0.000508252350642 -0.000387025271778 0.000485187429607 0.000841746654253 -0.000471842232171 -6.9808221004e-05 2.28038638802e-05 0.00019245917231 -0.000211726586609 -9.62364958276e-06 
b: -0.00282803155531 0.0449875248433 0.100339940874 0.0002891167937 -0.00343991089998 
c: -0.00566655407155 0.191036852021 0.00115403332267 -0.00613138118789 -0.00239044266618 0.0109247731424 0.00071671942166 -0.000542562783845 0.000828750891887 0.0012145346623 -0.00038942051718 -8.62354051944e-05 0.000864774961329 0.0001709346074 0.00012667248533 -3.32175968192e-06 0.000184583221 
angles: 0.0196162299819 0.1543716581 0.295116272436 0.442723733197 0.597626028621 0.75983493017 0.928689948053 1.1024969499 1.27868343903 1.45440545338 1.62724386079 1.79549097552 1.95803538875 2.11469540413 2.2659337221 2.41264381875 2.55594746162 2.69701597425 2.83739459515 2.97913697199 3.12424216071 3.27469737507 3.43238634612 3.59870891994 3.77419111307 3.95832205097 4.14934293922 4.34416227882 4.53862895216 4.72799423852 4.90876260468 5.07892838263 5.23813130509 5.38731867431 5.52805915637 5.66246315886 5.79225059551 5.91922120847 6.04540198352 6.17264442193 
