range:0-360 
center: -3.15054995418 4.09720603228 0.0789129241806
a: -0.0029199489668 -0.00185776825637 0.153681854986 0.00329939436907 -0.0037900913772 0.001448591079 0.0076287122763 -0.000101466169085 -0.000247389535876 0.000485976742916 0.00122337466164 -0.000180531043592 -0.000116499989188 
b: -0.00266490073415 0.0389470192294 0.0889964039655 0.000860316249653 -0.00280455656872 0.00329007614177 0.00398913488941 
c: -0.00414261602117 0.171805290857 -0.00185765160692 -0.00449540862445 -0.00254034538151 0.0104946602294 -0.0022666857625 -0.000459368919647 0.000658380924533 0.00165816376733 -0.000296795598903 -9.07308376591e-05 0.000386464289665 
angles: 0.0290864740777 0.165776138108 0.308306327231 0.457430992012 0.613429879158 0.776171732539 0.944913075127 1.11803405052 1.29312928794 1.46754818854 1.63884585159 1.80519794358 1.96570877452 2.12004664361 2.2688003119 2.41299059015 2.55391735644 2.69299821917 2.83164272026 2.97171909692 3.11534001251 3.2643316814 3.42051135257 3.58554448237 3.76018162858 3.94391389799 4.13470653053 4.32932956966 4.52365119285 4.71355694518 4.89561194711 5.06772342135 5.22936276508 5.38108595181 5.52440647129 5.66113024769 5.79305548881 5.92223959506 6.05065849959 6.18004069844 
