range:0-360 
center: -0.0146602413064 0.00296339682226
a: -0.00649071297919 0.0133142244224 0.181672359603 0.00661078347321 0.00018594626236 -0.0132070675649 0.00916812448939 -0.000243595285526 0.0011220516875 -0.000235316137494 -0.0011781214411 0.000333465795567 -0.000465981569501 
b: 0.000572252355354 0.0133142981404 0.197585391368 -0.00636944551617 0.000959024587793 0.0134213142778 0.00674567930984 -3.46198428854e-06 -0.000348232386176 -1.80913320252e-05 -0.00124999097291 8.71718433512e-05 -0.00101116171926 
angles: 0.0734031517222 0.230484369768 0.385743452717 0.539971653435 0.693602071494 0.846562958681 0.999235975131 1.15086158541 1.30008102492 1.44639871065 1.5901686003 1.73214373178 1.87321291086 2.01433985735 2.15646497646 2.30051664847 2.44725020627 2.59710072584 2.75024244825 2.9065834551 3.06536635424 3.2253977199 3.38594885366 3.54710925907 3.70902777056 3.87119777326 4.03408467197 4.19753156609 4.36198278174 4.52806836416 4.69603785212 4.86581425886 5.03663631455 5.20707410896 5.37570153295 5.54193531564 5.7062731185 5.87018497502 6.03399488421 6.19667998719 0.0692629787561 0.224075915225 0.379481944374 0.535416123692 0.690289565246 0.844006165204 0.996958915053 1.14848912215 1.29787107441 1.44471971745 1.58919235698 1.73192618116 1.87384860564 2.01597360359 2.15917723028 2.30412375791 2.45148536126 2.60180272108 2.7553139603 2.91163803095 3.0696292882 3.22853526704 3.38815579003 3.54883967586 3.71068405745 3.87323441247 4.03597765306 4.19907820496 4.36339726809 4.52929354817 4.69686226387 4.86598543226 5.03639926709 5.20762748853 5.37856006015 5.54777104133 5.71431387061 5.87803101825 6.03883460083 6.19670808138 
