range:0-360 
center: -0.016118450373 0.00428977997462
a: -0.00705910603287 0.0115014887591 0.1788017607 0.00507792828468 0.00160057794219 -0.0123738478945 0.0103646916857 0.00126624111455 0.00102641370539 0.000597383955664 -0.0017563184804 0.000716075283278 -0.00106972132823 
b: 0.00132555474173 0.0115032182666 0.195404477721 -0.00903687442924 0.00105230105185 0.0106342879052 0.00623978451567 -0.0026978304395 -0.00157742892322 -0.00114136306177 -0.00236822642721 -0.000686922857765 -0.00154732844314 
