range:0-360 
center: -3.20116252303 4.18529145718 0.0566683880985
a: -0.00273526050941 -0.000317035362055 0.166968740564 0.00286432425225 -0.00467834718557 -0.000298451053864 0.00856070341549 0.000335311048828 -0.000190007017378 0.000612967528167 0.00103271556576 -0.000337997080668 -9.68979679902e-05 
b: -0.00276377399869 0.0433069955093 0.0970875210833 0.000414151894021 -0.00332258821283 0.00244380846033 0.00483059888547 
c: -0.00502929035845 0.186672810943 -0.00031692012717 -0.00538049050213 -0.00260620188303 0.0111434419479 -0.000932423506031 -0.00051339164435 0.000595108040783 0.00158128358703 -0.000586632433935 -0.00023352434452 0.000592318286882 
angles: 0.0234752126192 0.15922869885 0.300843613843 0.449177497274 0.604648788497 0.767234629209 0.936216984229 1.10991717852 1.28579626702 1.461076436 1.63335700215 1.80077643229 1.96238342979 2.11804711457 2.26807605886 2.41347717497 2.55561503814 2.6957656008 2.83532000512 2.97627247833 3.1206377619 3.27031953516 3.42724899757 3.59294336706 3.7679942188 3.95179728292 4.14245029446 4.33704832724 4.53135902271 4.72089894563 4.90224701536 5.07324007263 5.23340401627 5.38377111031 5.52573292404 5.66096448709 5.79161706763 5.91971187604 6.04706023453 6.17545773894 
