range:0-360 
center: -0.0138245986187 0.00457767541096
a: -0.00623540521925 0.00859983772119 0.186113885491 0.00692551429305 0.00109028783026 -0.00854483470577 0.00674634544563 -0.00030623403222 0.000865770552203 1.33937643905e-05 -0.000456194757112 -0.000234313607071 -3.83365564171e-05 
b: 0.00183208868416 0.00859985898987 0.199166697553 -0.00554472528339 0.00257339677317 0.00865456861659 0.00630685338381 0.00107686494642 0.000619716382961 0.000125212090196 1.3137026553e-05 0.000516915359151 -0.000208271664411 
