range:0-360 
center: -0.0138245986187 0.00457767541096
a: -0.00623540521925 0.00859983772119 0.186113885491 0.00692551429305 0.00109028783026 -0.00854483470577 0.00674634544563 -0.00030623403222 0.000865770552203 1.33937643905e-05 -0.000456194757112 -0.000234313607071 -3.83365564171e-05 
b: 0.00183208868416 0.00859985898987 0.199166697553 -0.00554472528339 0.00257339677317 0.00865456861659 0.00630685338381 0.00107686494642 0.000619716382961 0.000125212090196 1.3137026553e-05 0.000516915359151 -0.000208271664411 
angles: 0.0697962249012 0.228282512316 0.384933153116 0.540515809986 0.695485980429 0.849804931603 1.00393850154 1.15716292014 1.30801104616 1.45583670994 1.60088080749 1.74382671191 1.88551627203 2.02687331 2.16883588248 2.31232353151 2.45812171511 2.6067310338 2.75840324048 2.91313497379 3.07029340614 3.22878733981 3.38790538776 3.54770171767 3.70830474329 3.86918600939 4.03078633981 4.19290432811 4.35596033905 4.520630816 4.68724955899 4.85590811616 5.02606912169 5.19646115992 5.36563330414 5.53280002366 5.69820867189 5.86312438122 6.02793390795 6.19175184938 0.0658279371161 0.222016616634 0.378692812663 0.535886884226 0.69205023633 0.847091167526 1.0014536561 1.15447933916 1.30537978876 1.45365987157 1.59935725646 1.74301037589 1.88548493428 2.02776825547 2.17075898921 2.31515787041 2.46164474496 2.61079294723 2.76290987446 2.91773230401 3.07425117622 3.23175655039 3.39003342396 3.5494028688 3.70996757077 3.87128013474 4.03278955935 4.1946032046 4.35759930274 4.52218167589 4.68851123037 4.85654044954 5.02607949614 5.19676384675 5.36767390697 5.53744632813 5.7050250085 5.87006507965 6.03235488401 6.19177828335 0.0624286061255 0.219990534928 0.377589906697 0.535555675339 0.692176233019 0.847353884884 1.00139715901 1.15378641641 1.30409628637 1.45216101259 1.59810116972 1.74231597312 1.8854616779 2.02841099646 2.17201587123 2.31701131739 2.46393656594 2.61304905112 2.76447625562 2.91805437014 3.07328049047 3.2298569739 3.38778589311 3.54729352019 3.70821796773 3.87013369176 4.03252153938 4.1948964094 4.35837756041 4.52334673913 4.68973649848 4.85742998235 5.02612104531 5.19538197523 5.36475749458 5.53370797729 5.70125199943 5.86632578692 6.02834888126 6.18769227578 0.0626276111971 0.221841091733 0.380712831266 0.538849984975 0.695447197085 0.850248920098 1.00337215009 1.15480661546 1.30438113432 1.45188920622 1.59762347158 1.74194489043 1.88544686417 2.02882603377 2.17282507793 2.31814815796 2.46524323862 2.61418186715 2.76493667276 2.91758480787 3.07198770075 3.2279314811 3.38513340646 3.5439880536 3.70444340079 3.86627942627 4.02911407478 4.19267223751 4.35706230031 4.52259837334 4.68947171114 4.85746293971 5.02612988726 5.19488832458 5.36322246259 5.53080504235 5.69725185865 5.86204877663 6.02492873597 6.18605649341 0.0640905614399 0.223850234507 0.383088130262 0.541437493481 0.697915820372 0.852410963891 1.00510785909 1.15608041035 1.30512438475 1.452281552 1.59775996823 1.74196017309 1.88544460636 2.0288569227 2.17283679241 2.31805628737 2.46509876628 2.61390764309 2.76455284327 2.916998913 3.07118637723 3.22676920094 3.38345658646 3.54176693015 3.70172896142 3.86345922658 4.02656419128 4.19069619561 4.35556330765 4.52154863038 4.68885072181 4.85718067698 5.02612187527 5.19507584278 5.36350938689 5.53096920245 5.6972110155 5.86199916524 6.02527850896 6.18692772176 0.0663216667927 0.22644016072 0.386045001703 0.544471304649 0.700949587474 0.855281343449 1.00748851107 1.15784819934 1.3063251226 1.45302584219 1.59813287709 1.74210363357 1.88545098924 2.02873600753 2.17260448233 2.31767982412 2.46444846111 2.61301934715 2.76342273976 2.91558843859 3.06935663593 3.22465402171 3.38104709823 3.5389348199 3.6985180987 3.86015661495 4.02354154228 4.18814888005 4.35358404729 4.52020585252 4.68798761089 4.85675832235 5.02610730902 5.19541414165 5.3641995155 5.53199962903 5.6984080053 5.86338675485 6.02692707152 6.18886497873 
