range:0-360 
center: -3.3979211092 4.53970626593 -0.0376324575824
a: 0.000787539255221 0.00399443105939 0.158706968437 -0.00553119870946 -0.00942697553917 -0.00556128264347 0.0108029423424 0.00379966478057 -0.00107340245035 0.00129795927741 0.000167775739371 0.000904438491018 -0.000100045841459 
b: -0.00210598011354 0.0444007442128 0.0933300508596 -0.00587564124524 -0.00641605632539 -0.000457858907409 0.00677105873643 
c: -0.0109607152147 0.180603687463 0.00399400399177 -0.0124977071266 -0.00395714629184 0.0110876170336 0.00243009481976 -0.00199133597759 -0.00567946123859 0.000160618974574 -0.00188650104687 -0.000864192667129 -0.00107280192908 
angles: 6.25970057175 0.0999334535287 0.229469130899 0.367607700252 0.515826416062 0.67528769607 0.844620835803 1.02166493816 1.20320759895 1.38449342464 1.56382246821 1.74088470065 1.91446731315 2.08314501082 2.24636192164 2.40440687759 2.55828829675 2.70913112593 2.85823393408 3.007575027 3.15937215082 3.31610822338 3.48014607332 3.65311198889 3.83608625853 4.02903989615 4.23074468742 4.4364126043 4.63803189329 4.82712328539 4.99951602682 5.15549526174 5.29757989849 5.42897058183 5.55301837181 5.6725598893 5.78980735811 5.90619591568 6.02262447169 6.14007839693 
