range:0-360 
center: -0.00842858484457 0.00344798291287
a: -0.00402447745532 0.00481479174292 0.160502526689 0.00490552257767 0.00148498802848 -0.00476368701282 0.00564986262547 -0.000584956885381 0.000363602786018 2.05221390741e-05 3.49311673036e-05 -0.000219416248459 -6.28298617691e-05 
b: 0.00175071179602 0.00481480108203 0.172273701535 -0.00314311611105 0.00201632562332 0.00486560947835 0.0061215582578 0.00117915369901 0.000168541437101 0.000123085449433 0.000435931394251 0.000362729876305 -0.00013312264855 
