range:0-360 
center: -2.94507730603 3.74756500125 0.171937756985
a: -0.00203545318755 -0.00212791030811 0.0876757216049 0.00210549133994 0.00268305049581 0.00186317161824 0.0073566226741 -3.10217363862e-05 -0.000947028057154 0.000166456631433 0.00093273157833 -5.78723385286e-05 -9.74146494382e-05 
b: -0.000838571429788 0.0231549011181 0.0505198602746 0.0013037785736 0.0010535279713 0.00332288165942 0.00379116250256 
c: 0.00148870902227 0.104686511019 -0.00212805040421 0.000294507191467 -0.0019650565594 0.00965372143666 -0.00239385901778 -0.00143926179368 0.00011219075915 0.00140217215778 -0.00034881731867 -0.000420751861094 -8.48083300471e-06 
angles: 0.0406927305194 0.188548970128 0.34294903773 0.505017568364 0.675006988164 0.851349347508 1.03162596654 1.21277006738 1.39139847766 1.56439644093 1.72981447715 1.88698495731 2.03622720045 2.17848623191 2.31508959941 2.44754953823 2.57740501081 2.70619914321 2.83547487232 2.96682154707 3.10148304923 3.24054255402 3.38555314579 3.53813482865 3.69981117004 3.87128342447 4.05210859531 4.24037209884 4.43275060933 4.62491184487 4.81265783975 4.99249294606 5.1630917285 5.32444150112 5.47755659812 5.62391415215 5.76536967635 5.90397476851 6.04189008817 6.18121184217 
