range:0-360 
center: -0.013187321164 0.00445838002562
a: -0.00598699128626 0.00759035122824 0.183229866092 0.00665985960218 0.00114742086546 -0.00755337217278 0.00635085391557 -0.000311942427459 0.000815693396014 5.88323129508e-05 -0.000277560669143 -0.000230051160637 -3.10829211933e-05 
b: 0.00186513405216 0.00759041765047 0.195837129693 -0.0053135781227 0.00258240589217 0.00762725477735 0.00625672477575 0.00103676414418 0.000621108601425 0.000134274495804 0.000180290748818 0.00047595628298 -0.000162353347713 
