range:0-360 
center: -0.016118450373 0.00428977997462
a: -0.00705910603287 0.0115014887591 0.1788017607 0.00507792828468 0.00160057794219 -0.0123738478945 0.0103646916857 0.00126624111455 0.00102641370539 0.000597383955664 -0.0017563184804 0.000716075283278 -0.00106972132823 
b: 0.00132555474173 0.0115032182666 0.195404477721 -0.00903687442924 0.00105230105185 0.0106342879052 0.00623978451567 -0.0026978304395 -0.00157742892322 -0.00114136306177 -0.00236822642721 -0.000686922857765 -0.00154732844314 
angles: 0.0812120864897 0.238978579514 0.394678107443 0.54920093159 0.703050412798 0.85616480222 1.00901801098 1.16077888455 1.30987794524 1.45569466881 1.59857113763 1.73930574161 1.87884987176 2.01823572533 2.15848963014 2.30062622619 2.44549985984 2.59364187922 2.74531003789 2.90047751125 3.05839049701 3.21777991905 3.37783676789 3.53864134982 3.70035149618 3.86237822102 4.02523720458 4.18872319946 4.35333202854 4.51981937688 4.68852950487 4.85947821 5.03191538943 5.20426899644 5.37486384561 5.54290607187 5.70883052146 5.87421115111 6.0394521409 6.20346158441 
