range:0-360 
center: -2.99629848599 3.83495104313 0.148210418154
a: -0.0021435565319 -0.00148729872796 0.103085673487 0.00184711049172 0.00115805358604 0.0018303663289 0.00789324750488 0.000562029242787 -0.00124019622173 -0.000236424300416 0.000811885817157 -0.00022536549366 -9.81619056674e-05 -0.00010818342327 0.00017127896349 -4.37551402084e-05 -1.72446852766e-05 
b: -0.00132265681406 0.027225402892 0.060083722436 0.000830943777838 -3.71907362373e-06 
c: -0.00024996291344 0.120762764935 -0.00148727312904 -0.00165799582113 -0.00243995727445 0.00978379626342 -0.00114418843107 -0.00157594975397 -3.08393074288e-05 0.00107855618413 0.000449799844947 -0.000237645184591 0.000305595149991 9.10123858819e-05 9.98260873102e-05 -0.000128359885592 3.12149228349e-05 
angles: 0.0363561850492 0.179415726442 0.328646340975 0.485413416861 0.649740698115 0.820330169849 0.99544341952 1.17274822106 1.34940182662 1.52268740179 1.69048421826 1.85155933447 2.00559965111 2.15305403954 2.29489883092 2.43243033173 2.56709059907 2.70029399115 2.83368789181 2.96892494892 3.10737376867 3.25084829281 3.4009463469 3.5591149046 3.72639286539 3.90301337447 4.08807809047 4.27913149074 4.4723156627 4.66319292461 4.84780193728 5.02359639645 5.18975652018 5.34674505701 5.49568006007 5.6382808301 5.77620128267 5.91135169785 6.0456806985 6.18111964222 
