range:0-360 
center: -3.15054995418 4.09720603228 0.0789129241806
a: -0.00291990677924 -0.0018576841851 0.153681828433 0.00329946772807 -0.00378991312644 0.00144862396314 0.00762870155775 -0.000100866073893 -0.000246798676917 0.000500704584963 0.00120999809594 -0.000178253227069 -0.000117617255024 -2.23263321129e-05 0.000244783709169 -0.000102926390593 4.07130287986e-06 
b: -0.00268130676437 0.0389294259253 0.0894156764638 0.00101487021183 -0.00277058740562 
c: -0.00414258662933 0.17180529003 -0.00185768432516 -0.00449527921801 -0.00254032933562 0.0104947224745 -0.00226672216507 -0.000458571510133 0.000658199273687 0.00165595306252 -0.000317380696698 -9.44144487895e-05 0.000378680556321 0.000190003638429 0.000166843000447 2.16888886451e-05 0.000103021538288 
angles: 0.0290864740777 0.165776138108 0.308306327231 0.457430992012 0.613429879158 0.776171732539 0.944913075127 1.11803405052 1.29312928794 1.46754818854 1.63884585159 1.80519794358 1.96570877452 2.12004664361 2.2688003119 2.41299059015 2.55391735644 2.69299821917 2.83164272026 2.97171909692 3.11534001251 3.2643316814 3.42051135257 3.58554448237 3.76018162858 3.94391389799 4.13470653053 4.32932956966 4.52365119285 4.71355694518 4.89561194711 5.06772342135 5.22936276508 5.38108595181 5.52440647129 5.66113024769 5.79305548881 5.92223959506 6.05065849959 6.18004069844 
