range:0-360 
center: -0.0121825510234 0.00410211096753
a: -0.00557394146026 0.00674556542955 0.178678007605 0.00623203505154 0.00116043885429 -0.00667273591965 0.00609568545495 -0.00030951788772 0.000694822530159 3.33438475577e-05 -0.0001476766933 -0.000230919624192 -2.48622611908e-05 
b: 0.0017771162997 0.00674565310101 0.191044016242 -0.00491529195704 0.00239342332807 0.00681839761195 0.00627058541741 0.00100963129649 0.000539645370085 0.000180215008051 0.000319873409029 0.000451005232496 -0.000128713323684 
