range:0-360 
center: -0.0146602413064 0.00296339682226
a: -0.00649071297919 0.0133142244224 0.181672359603 0.00661078347321 0.00018594626236 -0.0132070675649 0.00916812448939 -0.000243595285526 0.0011220516875 -0.000235316137494 -0.0011781214411 0.000333465795567 -0.000465981569501 
b: 0.000572252355354 0.0133142981404 0.197585391368 -0.00636944551617 0.000959024587793 0.0134213142778 0.00674567930984 -3.46198428854e-06 -0.000348232386176 -1.80913320252e-05 -0.00124999097291 8.71718433512e-05 -0.00101116171926 
