range:0-360 
center: -3.29715208411 4.36283466816 0.00499055200484
a: -0.000987431747045 0.00854332875283 0.171377420764 0.00247401698053 -0.00834908363146 -0.00729532049301 0.00842606261279 -0.000351747333267 -0.00142671784894 -0.00105333126833 0.000743556149594 -0.000740680769286 0.000374330265324 -0.000183140023468 0.000259672569127 -0.0003582563089 -4.63347148589e-05 
b: -0.0028881326104 0.0488112845059 0.102099639239 -0.00121600989083 -0.00440296559579 
c: -0.00964524277659 0.190504259842 0.00854345414058 -0.0109412616665 0.000498959028103 0.0107004988724 0.00979170229269 -0.00116523181026 0.00262076500537 0.00153119453484 0.00144327700918 -0.000114892342764 0.00152995454583 0.0005448668113 0.000219903636745 -0.000460150517373 0.000412559642241 
angles: 6.27139012337 0.116649175794 0.25212047103 0.395292769352 0.545803038215 0.703765258851 0.870163236781 1.04332065588 1.21987529332 1.39775740483 1.57475025 1.74903422502 1.91954918726 2.08568184668 2.24713724414 2.40367058716 2.55583222565 2.70493071114 2.85252532335 3.00044326469 3.15099340049 3.30675708261 3.46966217781 3.64068450519 3.82042353188 4.00903992053 4.20525881697 4.40384008527 4.59953447628 4.78762891351 4.96474431459 5.1294899321 5.28207736897 5.42383179187 5.55607260105 5.68046559516 5.79942464799 5.91547995599 6.03120952962 6.14907659999 
