range:0-360 
a: -1.92786909222 1.84706579634 57.4721916349 2.18893298683 0.543481667411 -1.86049858137 1.72822259005 
b: 0.821723388381 1.85052433311 60.9819706884 -1.66577885045 1.0963859526 1.81105447439 1.79184419553 