range:0-360 
center: -3.3979211092 4.53970626593 -0.0376324575824
a: 0.000787564450253 0.00399401864457 0.158706868296 -0.00553216917065 -0.00942556649429 -0.00556023939781 0.0108057512567 0.00380499217358 -0.00107517455999 0.0012806786056 0.000141600655714 0.000862484632096 -8.25698765734e-05 0.000257926884019 9.77822472041e-05 4.73565059408e-05 -0.000355716988403 
b: -0.00217585116213 0.0439704382742 0.0937824771769 -0.0058826104504 -0.00603371383932 
c: -0.0109604096974 0.180604238779 0.00399392466978 -0.0124951089763 -0.00395703150622 0.0110913505664 0.002427860192 -0.00199548779071 -0.00568347644007 0.000142966128309 -0.00185048409286 -0.000835461390346 -0.00101729509078 -0.000104872525828 -0.000330651221089 -0.00040832432845 -0.000121067462722 
angles: 6.25970057175 0.0999334535287 0.229469130899 0.367607700252 0.515826416062 0.67528769607 0.844620835803 1.02166493816 1.20320759895 1.38449342464 1.56382246821 1.74088470065 1.91446731315 2.08314501082 2.24636192164 2.40440687759 2.55828829675 2.70913112593 2.85823393408 3.007575027 3.15937215082 3.31610822338 3.48014607332 3.65311198889 3.83608625853 4.02903989615 4.23074468742 4.4364126043 4.63803189329 4.82712328539 4.99951602682 5.15549526174 5.29757989849 5.42897058183 5.55301837181 5.6725598893 5.78980735811 5.90619591568 6.02262447169 6.14007839693 
