range:0-360 
center: -0.014161613883 0.00441750138003
a: -0.00635705058832 0.00972584519187 0.18689354768 0.00712169827171 0.000922595084345 -0.00958762757035 0.00714835630548 -0.000379857122172 0.000878139296199 -9.81824462252e-05 -0.000624222659554 -0.000209975511349 -4.06013555512e-05 
b: 0.0016534592324 0.00972582943605 0.200387124134 -0.00559181357664 0.00238384147083 0.00986361752963 0.0063456603997 0.00115214003146 0.000585802291902 0.000180386301364 -0.000182422007113 0.000543844130888 -0.000253467547134 
