range:0-360 
center: 320.748732729 340.297848333
a: -1.91012266728 3.4654790607 57.5323058989 2.62413445014 0.0753104382236 -3.192885493 1.87242226703 -0.410804093044 0.233484650379 
b: 0.444288105194 3.46695518752 61.2571901971 -1.18972306625 0.813223827935 3.74430150649 1.85281240333 1.01805161386 0.520798784825 