range:0-360 
center: -2.94507730603 3.74756500125 0.171937756985
a: -0.0020353975597 -0.00212800078122 0.0876756849838 0.00210557565689 0.0026829339619 0.00186274732145 0.00735685596607 -2.98810937268e-05 -0.00094804942553 0.000173304146838 0.000915801477709 -6.83050994944e-05 -8.75997766911e-05 8.33083091758e-05 0.000207067934874 1.34764367604e-05 -9.83204441925e-05 
b: -0.000850293474921 0.0231355643525 0.0509482000469 0.00134852690808 0.000919675989254 
c: 0.00148864187458 0.10468661442 -0.00212801023477 0.000294365673589 -0.001965159457 0.00965406569681 -0.0023933137576 -0.00144050162248 0.000110587318361 0.00138133488553 -0.000357436459104 -0.000404653329325 1.29248694367e-05 0.000262379207958 -9.90704032771e-05 -0.000225006265526 -5.28611784114e-05 
angles: 0.0406927305194 0.188548970128 0.34294903773 0.505017568364 0.675006988164 0.851349347508 1.03162596654 1.21277006738 1.39139847766 1.56439644093 1.72981447715 1.88698495731 2.03622720045 2.17848623191 2.31508959941 2.44754953823 2.57740501081 2.70619914321 2.83547487232 2.96682154707 3.10148304923 3.24054255402 3.38555314579 3.53813482865 3.69981117004 3.87128342447 4.05210859531 4.24037209884 4.43275060933 4.62491184487 4.81265783975 4.99249294606 5.1630917285 5.32444150112 5.47755659812 5.62391415215 5.76536967635 5.90397476851 6.04189008817 6.18121184217 
