range:0-360 
a: -1.31079484631 0.46152047462 49.7662373087 1.45340332204 0.469678178317 -0.478934801227 1.21672666064 
b: 0.569180491227 0.46238622465 52.7797766191 -1.16623938906 0.668581948882 0.438355614689 1.80108908198 