range:0-360 
center: -3.09888875485 4.00964663029 0.10079619012
a: -0.00257824860315 -0.00210750996219 0.136166748843 0.002757289859 -0.00270417632895 0.00204090389503 0.00759646170401 0.000126551692289 -0.000719361411872 0.000150194364379 0.00105446500365 -0.000225520939976 -4.83191273063e-05 -3.87940498872e-05 0.000301721763241 -6.57523213036e-05 1.2632220163e-05 
b: -0.00232414056293 0.0346895928278 0.0791797632074 0.000788482829586 -0.00213818619171 
c: -0.00345603780919 0.154144307831 -0.0021074979637 -0.00420792736724 -0.00239918555924 0.0103810718181 -0.0021740698681 -0.000784482972449 0.000484694337166 0.00173015138904 1.7078543006e-05 -1.72079575642e-05 0.000385698204866 0.000372741785364 0.000138373354869 2.08412854481e-05 9.76672790502e-05 
angles: 0.029668418846 0.166982536034 0.310156969271 0.459928258766 0.616502453589 0.779703060169 0.948715678106 1.12191447516 1.29691722478 1.47111736602 1.64210171677 1.80812458838 1.96818487252 2.12211600421 2.27044214551 2.41425424586 2.55474950232 2.69342686786 2.83180856016 2.97164881673 3.11486781879 3.26330571099 3.41890030603 3.58332909305 3.75743399476 3.94084310119 4.13157825783 4.3263277791 4.52081429839 4.71061029354 4.89234336758 5.0643057497 5.2259216227 5.37806657297 5.52195691734 5.65930278113 5.79185049538 5.92154689024 6.05031707898 6.18012437478 
