range:0-360 
center: -0.0144971245051 0.00341765158465
a: -0.00645147289159 0.0127233160342 0.18504057081 0.00732215865139 0.000223883977537 -0.0123454331866 0.00819285567425 -0.000607667304898 0.000983137677112 -0.000435981683793 -0.000961786920296 -2.71846809336e-05 -0.000128145734733 
b: 0.000881086861356 0.012723122587 0.199783960256 -0.00557997832049 0.00153800652102 0.0131002876398 0.00655106298121 0.00113537022827 0.000333675853612 0.000322623006969 -0.000685627351209 0.000488130000807 -0.000526454883815 
angles: 0.0727545058855 0.23021366022 0.385838894839 0.540418967943 0.694395056016 0.847704125526 1.00075219323 1.15278644013 1.30241393111 1.44909713196 1.59316114971 1.73534284815 1.87652100158 2.01765114004 2.15967549252 2.30352261101 2.44995838206 2.59943750571 2.75215666686 2.90804877296 3.06638854582 3.22600636111 3.38617540531 3.54697593643 3.70855195293 3.87038855314 4.0329466194 4.19605632212 4.36015771377 4.52589709246 4.69354886778 4.86308224156 5.03379314451 5.204286569 5.37312090658 5.53965395849 5.70431777575 5.86853425051 6.0326460686 6.1956627176 0.0686418390811 0.223815067533 0.379555737498 0.535824148778 0.69103542612 0.84509449504 0.998409935376 1.15032071508 1.30008173304 1.44727721172 1.59203302532 1.73496190962 1.87697742594 2.01908918572 2.16218177299 2.30693121653 2.45401393543 2.60398163282 2.7570928228 2.91299807613 3.0705853417 3.22911109368 3.38837039571 3.54870615861 3.71021775319 3.87245073362 4.03487918474 4.1976525938 4.3616412166 4.52721828516 4.69449790135 4.8633810132 5.03362268111 5.20477430631 5.37577120806 5.54519588662 5.71206633036 5.8761733504 6.03739564779 6.19569048829 0.0651165600878 0.221744564838 0.378444530667 0.535495229675 0.691158669043 0.845347200251 0.998356655492 1.14968384883 1.29894361542 1.44602364121 1.59110281988 1.73463819953 1.87734508656 2.02012178441 2.16381897083 2.30915921232 2.45665102024 2.60650449218 2.75880771858 2.91334462974 3.06955622466 3.22712494454 3.38605212167 3.54656067369 3.70846500925 3.87132190048 4.03462066755 4.19792803229 4.36234542305 4.52821027272 4.69541899522 4.86380012024 5.03300351918 5.20254988432 5.37198336889 5.54073761025 5.70777848353 5.87205909255 6.0330921308 6.19138392024 
