range:0-360 
center: -2.89708724022 3.6578707695 0.193828245811
a: -0.00349471586315 -0.00454019261589 0.077871616975 0.00334834477874 0.00301632919028 0.00355797508685 0.00824015187897 0.000423206008961 -0.000290362479791 0.000892393455783 0.000809057368342 -0.000148683745633 -0.000261779946725 3.19378186099e-05 0.000169544782195 -0.000100831267104 -6.0301070353e-05 
b: -0.00153084948624 0.0198908044026 0.04474963864 0.00240683420366 0.000612476598999 
c: 0.00235433869762 0.096489958622 -0.0045403388088 0.0016924568336 -0.00364089789983 0.0103781057615 -0.005522934079 -0.0010333037529 0.000131031879603 0.00132891070474 -0.00107356718036 -0.000479232071252 0.000408905343325 0.000367603551353 -0.000144055025895 -0.000176349481661 0.000147971532951 
angles: 0.0733555966032 0.226789112148 0.387976976025 0.557415972052 0.733522868755 0.91281011552 1.09175032867 1.26682196441 1.43555391754 1.59662650971 1.74959220825 1.89503066166 2.0341672046 2.16825852062 2.29850510249 2.4262041513 2.55262075316 2.6788317936 2.80611169365 2.93554810685 3.06779332115 3.20321300855 3.34370982054 3.49217311823 3.65094837236 3.82181837249 4.00500627597 4.19851056028 4.39852499912 4.60018199428 4.79764907508 4.98678927056 5.16517115383 5.33229442395 5.48961327128 5.63937833733 5.78378050038 5.9254012415 6.06669376083 6.20960340471 
