range:0-360 
center: -3.20116252303 4.18529145718 0.0566683880985
a: -0.0027352131904 -0.000316961516739 0.166968688623 0.0028643124752 -0.00467811630104 -0.000298476950439 0.00856063535369 0.000336368517959 -0.000189555395592 0.000625262497054 0.00101111776983 -0.000341167440472 -9.3893769052e-05 6.49903660984e-05 0.000300995889398 -0.000113027015939 -6.33643477524e-05 
b: -0.00278376131384 0.0431931573911 0.0975171427341 0.000560186875647 -0.0032313489134 
c: -0.00502923375949 0.186672774489 -0.000316945418692 -0.0053803602178 -0.00260611887643 0.0111433916542 -0.000932358780651 -0.000512637448844 0.000594525453759 0.00157164890365 -0.000605590823445 -0.000229568490479 0.000589243455612 0.000247604125713 9.13261791583e-05 -7.32567622987e-05 0.000141355292241 
angles: 0.0234752126192 0.15922869885 0.300843613843 0.449177497274 0.604648788497 0.767234629209 0.936216984229 1.10991717852 1.28579626702 1.461076436 1.63335700215 1.80077643229 1.96238342979 2.11804711457 2.26807605886 2.41347717497 2.55561503814 2.6957656008 2.83532000512 2.97627247833 3.1206377619 3.27031953516 3.42724899757 3.59294336706 3.7679942188 3.95179728292 4.14245029446 4.33704832724 4.53135902271 4.72089894563 4.90224701536 5.07324007263 5.23340401627 5.38377111031 5.52573292404 5.66096448709 5.79161706763 5.91971187604 6.04706023453 6.17545773894 
