range:0-360 
center: 321.358143311 340.61356367
a: -1.68811874976 0.883806706398 54.6660589028 1.78559468863 0.581911837441 -0.98588171471 1.41884276811 
b: 0.796289130726 0.88515509716 57.9235949871 -1.58884104216 1.01033373994 0.769423943208 1.83837998447 