range:0-360 
center: -0.0143952999404 0.00406113273321
a: -0.00643378335388 0.0110828683328 0.186669183214 0.00728872486128 0.000638968406653 -0.0108194403554 0.00759015450954 -0.000491239322799 0.000902038922368 -0.000258654069272 -0.000794917832562 -0.000163044997268 -5.0623751048e-05 
b: 0.00135382976171 0.0110827905551 0.200651639734 -0.00557821115093 0.00206825769196 0.0113456581471 0.00639279200904 0.0012210280391 0.000530104687117 0.000270671707321 -0.000406933631392 0.000550229779732 -0.000324199376097 
angles: 0.0724789335794 0.230449041851 0.386554315715 0.541586883992 0.696002493158 0.849749423654 1.00326979948 1.15581402169 1.30593254241 1.45302756729 1.59738802357 1.73973437205 1.88093793843 2.02194963227 2.16372050383 2.30718586812 2.45313166036 2.60204312551 2.75414971407 2.90941847287 3.06716278622 3.22623637773 3.38590913536 3.54624939519 3.7073957875 3.86881781921 4.03097412444 4.19367588046 4.35736116679 4.52270404876 4.69001520237 4.85932620077 5.03000405475 5.20068824611 5.36990304271 5.53692071703 5.70208852162 5.86677565639 6.03135294147 6.19486511984 0.0683691999196 0.224011099475 0.380190754895 0.536901983069 0.692552434437 0.847047847515 1.00082121743 1.15320332433 1.30341741064 1.45100342043 1.59604598585 1.73912934313 1.8811547501 2.02313283895 2.16596583884 2.31035048125 2.4569740519 2.60640780026 2.75894062934 2.91426412242 3.07130359792 3.22932191462 3.38810604869 3.54799379789 3.70908853675 3.8709321973 4.03297696139 4.1953532746 4.35895119353 4.52416700481 4.6911415253 4.85980049985 5.02992226093 5.20109145109 5.37229496954 5.54211379879 5.70950923878 5.87420068296 6.03602111932 6.19489267602 0.0648476432277 0.221928636325 0.379065686797 0.536566684502 0.692678979457 0.847309422867 1.00076553349 1.1525290698 1.30219017265 1.44960925569 1.59493928294 1.73861473575 1.88133037895 2.02398263356 2.16743310517 2.31241969879 2.45947336726 2.60883179427 2.76060555923 2.91460350629 3.07028807949 3.22734795326 3.38578575545 3.54583075996 3.70730743577 3.86977472755 4.03270902306 4.19564273073 4.35970605297 4.52526566282 4.6922349108 4.86046700316 5.02962708531 5.19925211822 5.36887658986 5.53793577458 5.70540201785 5.87020095265 6.03179124432 6.19062262902 0.0650538092148 0.223830742942 0.382251098138 0.53990117604 0.695963555882 0.850191336076 1.00271177736 1.1535217584 1.30246255998 1.44935638567 1.59451820989 1.73833943989 1.8814373385 2.02453143904 2.16837825474 2.31368925694 2.46089860767 2.6100489134 2.76109490607 2.91410867829 3.06893551768 3.22534681724 3.38304683821 3.54244032003 3.70346379165 3.8658822707 4.02930177926 4.1934466955 4.35843027502 4.52455997205 4.69199870174 4.86049178491 5.02956068533 5.19859501269 5.36707727091 5.5346910685 5.70104687363 5.86562473366 6.02817897031 6.18891275188 
