range:0-360 
center: -3.25061704516 4.27366601229 0.0327705276286
a: -0.0022562538022 0.00325423802353 0.173759642123 0.00275316106445 -0.00587761628851 -0.00318137663426 0.0088264784414 0.000427112391398 -0.000730750695479 -5.65724929295e-05 0.000678845085111 -0.000649756398298 2.45275936094e-05 
b: -0.00284739047873 0.0468952733442 0.101871821056 -9.13925187894e-05 -0.00383187558695 0.000600393330801 0.00594441017126 
c: -0.00658508122681 0.193153584521 0.00325454066528 -0.00729281886751 -0.00175934205058 0.0105678199619 0.00332753973322 -0.000685803260109 0.00142303062698 0.00108127155955 0.000115539143206 1.99571186635e-06 0.00123339314919 
angles: 0.0136660634145 0.146894984908 0.286338886713 0.43282528793 0.586761210205 0.748244285395 0.916653101994 1.09024984271 1.26655236654 1.44285615292 1.61664440681 1.78618282093 1.95027278684 2.10865455634 2.26179685817 2.41051644139 2.55566894454 2.69838194917 2.84026630176 2.9833857531 3.12972990315 3.28138266302 3.44023171334 3.60756478797 3.78384866629 3.96863454201 4.16053522703 4.3561702564 4.55069587551 4.73968600841 4.91951154209 5.08849220731 5.24632652128 5.39401572001 5.53338653013 5.66610739982 5.79408308186 5.9191618461 6.04325261302 6.16848419059 
