range:0-360 
center: -3.34448137283 4.4520186305 -0.0207416722435
a: 0.000428367934214 0.00983370553916 0.163616946406 -0.000594410298455 -0.0101744829886 -0.00930859933018 0.00928183908934 0.000124881526506 -0.00139459141142 -0.000434357273619 0.000865930863503 0.000146451485914 9.34182764168e-05 -4.53904757983e-05 8.43026351473e-05 -0.000117731685386 -0.000273851092763 
b: -0.0026380030481 0.0478948710334 0.0979125581818 -0.00374340783248 -0.00543978633583 
c: -0.0119530045771 0.18399584202 0.00983342681087 -0.0137316118263 0.000261692805907 0.0110972663182 0.0103584247003 -0.00216181363861 -0.000207668647262 0.000949997223653 0.000615779387061 -0.000860174686723 5.96977249461e-05 -8.98955334798e-06 0.000127143942892 -0.000717314730859 6.17432507536e-05 
angles: 6.24635278286 0.0865220457949 0.21824331706 0.358965481108 0.507779416667 0.665123146317 0.831117864609 1.00486532642 1.18305930309 1.36251446695 1.54189585126 1.72020622912 1.89640812013 2.06915532456 2.23730184951 2.40026377672 2.55820723584 2.71219416533 2.8638258911 3.01502584042 3.16831333838 3.32675331369 3.49259169794 3.66699656806 3.85122979061 4.04486844259 4.24600991834 4.44924942414 4.64838897931 4.83772249765 5.01344199465 5.17372017828 5.3184973747 5.44994050626 5.57121971773 5.68589309036 5.79689236537 5.90658518358 6.01684698414 6.12945420112 
