range:0-360 
a: 0.63495273353 -0.415541312597 28.5807190789 -0.187198613402 0.609337582452 0.360510335191 1.65380279876 -0.431328864561 -0.252096490729 
b: 0.28051248038 -0.414920778867 32.2814486934 1.08020716406 -0.0475533140245 -0.469009678392 2.04585595577 0.471511023872 -0.405627013319 