range:0-360 
center: -0.014161613883 0.00441750138003
a: -0.00635705058832 0.00972584519187 0.18689354768 0.00712169827171 0.000922595084345 -0.00958762757035 0.00714835630548 -0.000379857122172 0.000878139296199 -9.81824462252e-05 -0.000624222659554 -0.000209975511349 -4.06013555512e-05 
b: 0.0016534592324 0.00972582943605 0.200387124134 -0.00559181357664 0.00238384147083 0.00986361752963 0.0063456603997 0.00115214003146 0.000585802291902 0.000180386301364 -0.000182422007113 0.000543844130888 -0.000253467547134 
angles: 0.0714343266631 0.229726547004 0.386156215941 0.541507487701 0.696239874106 0.85030933689 1.00417611389 1.15710074162 1.30761228019 1.45507952753 1.59976458227 1.74237031159 1.88375558125 2.02486044527 2.16663369084 2.31000677422 2.45577071927 2.60442426828 2.75621341811 2.91112474326 3.06850112656 3.22722231942 3.38656414097 3.54658667308 3.70742343014 3.86854059593 4.03038973195 4.19277247166 4.35611990599 4.52111418523 4.68808387809 4.85709876882 5.02757945758 5.19820712377 5.3675062471 5.53470558415 5.70009366405 5.86498792885 6.02977238979 6.19352641812 0.0673765744104 0.22334042007 0.379815898195 0.536818936506 0.69277101464 0.847578989326 1.0016862671 1.15442534411 1.30500683439 1.45294630297 1.59830058395 1.74162996655 1.88381976972 2.0258726118 2.16869416354 2.31298808308 2.45944181482 2.60863243385 2.76086340105 2.91585329165 3.07256090343 3.23026060132 3.3887365223 3.5483190421 3.70911231479 3.8706612044 4.0324110238 4.19447884057 4.35775554889 4.52264618164 4.68930585906 4.85767659309 5.02755448531 5.19855152769 5.36970236147 5.53960795004 5.70720833632 5.87218062767 6.03432940484 6.19355351096 0.0639002544122 0.221275189829 0.378695172583 0.536483425557 0.692898236723 0.847843327755 1.00162965267 1.15373445106 1.30373571158 1.45147719994 1.5970933872 1.7410001554 1.88387306577 2.02659959872 2.17004082968 2.31493769038 2.46183000837 2.61096979573 2.76247957044 2.91618452385 3.07156520367 3.22831683441 3.38644214811 3.54617095512 3.70733528505 3.86950028522 4.03214059988 4.19477331724 4.35853214765 4.52379688738 4.69049233378 4.85848910647 5.02746689 5.19697987255 5.36656382115 5.53566363464 5.70327019157 5.86830567903 6.03020018168 6.18935980622 0.0641037624892 0.22316153437 0.381868462489 0.539820318984 0.696200720813 0.850755999537 1.00360865799 1.15475164971 1.30401782495 1.45121076278 1.59663419334 1.74066345999 1.8839051205 2.02706908498 2.17090809488 2.31613373683 2.46319181423 2.61214345705 2.7629546125 2.91570158923 3.07023909424 3.22634648407 3.38373418312 3.5428044701 3.70350107867 3.86559688317 4.0287021889 4.19253934079 4.35721966023 4.52305775863 4.69023596303 4.85851923877 5.02744687136 5.1964184573 5.36491201391 5.53260093768 5.69909507734 5.86387324118 6.02667458286 6.18768077466 0.0655998860215 0.225209388342 0.384281801493 0.5424409283 0.698692773153 0.852930902911 1.00534769188 1.1560215953 1.30475390642 1.45159535643 1.59676538926 1.74067732109 1.88390700054 2.02710421994 2.17092061132 2.31603707999 2.46304122487 2.61185937757 2.76255865791 2.91509896965 3.06941712483 3.22515709169 3.38202221834 3.54054211261 3.7007433761 3.86274024167 4.02612868651 4.19055429054 4.35572364398 4.52202085954 4.68963459672 4.85826146906 5.02746504919 5.19663175577 5.36522069882 5.53277414367 5.69905241146 5.86382181392 6.02703515516 6.18857501186 
