range:0-360 
center: -0.0143952999404 0.00406113273321
a: -0.00643378335388 0.0110828683328 0.186669183214 0.00728872486128 0.000638968406653 -0.0108194403554 0.00759015450954 -0.000491239322799 0.000902038922368 -0.000258654069272 -0.000794917832562 -0.000163044997268 -5.0623751048e-05 
b: 0.00135382976171 0.0110827905551 0.200651639734 -0.00557821115093 0.00206825769196 0.0113456581471 0.00639279200904 0.0012210280391 0.000530104687117 0.000270671707321 -0.000406933631392 0.000550229779732 -0.000324199376097 
