range:0-360 
center: -3.29715208411 4.36283466816 0.00499055200484
a: -0.000987304540994 0.00854341294616 0.171376852775 0.0024743815814 -0.00834979685915 -0.00729584647698 0.00842539182736 -0.000353637445463 -0.0014308455305 -0.00107938240473 0.000746277845715 -0.00077162206041 0.000365337788418 
b: -0.00282236352287 0.0493576451651 0.101713429108 -0.00114571162446 -0.00479092462256 -0.00185056853845 0.00720984032257 
c: -0.00964588072515 0.190503135214 0.00854328484434 -0.0109422239365 0.000497647707641 0.0107005881751 0.00979199792756 -0.00117099429743 0.00262421031287 0.00155104199726 0.0014825075491 -0.000141107392617 0.00154281490736 
angles: 6.27139012337 0.116649175794 0.25212047103 0.395292769352 0.545803038215 0.703765258851 0.870163236781 1.04332065588 1.21987529332 1.39775740483 1.57475025 1.74903422502 1.91954918726 2.08568184668 2.24713724414 2.40367058716 2.55583222565 2.70493071114 2.85252532335 3.00044326469 3.15099340049 3.30675708261 3.46966217781 3.64068450519 3.82042353188 4.00903992053 4.20525881697 4.40384008527 4.59953447628 4.78762891351 4.96474431459 5.1294899321 5.28207736897 5.42383179187 5.55607260105 5.68046559516 5.79942464799 5.91547995599 6.03120952962 6.14907659999 
