range:0-360 
center: -0.00975878729122 0.00361267433202
a: -0.0045645778145 0.00548261244167 0.166939650472 0.00529401333644 0.00140409184182 -0.00535285121247 0.00580170302894 -0.000426592210471 0.000406612068936 -2.41520742978e-05 1.55943417951e-05 -0.000226853867835 -5.00310197375e-05 
b: 0.00171626208996 0.00548266633675 0.178975136868 -0.00383478508527 0.0020282816271 0.00561225111533 0.00623403293091 0.00103462703741 0.000218417746279 0.00023584077148 0.000415283285864 0.000367369498887 -0.000136577957312 
