range:0-360 
center: -3.04714975357 3.92228414416 0.123331957695
a: -0.00218721573254 -0.00156077927351 0.119382785567 0.00191450942333 -0.00138351160476 0.00182048806797 0.00788794508288 0.000445470184254 -0.00106329688765 -0.000192144243744 0.000928123327998 -0.00018145768874 -6.03216835631e-05 
b: -0.00185028630615 0.0311385256009 0.0691083827091 0.000316076151319 -0.00141625687531 0.00341893644726 0.00432480718097 
c: -0.00247599048252 0.13753904481 -0.00156057890301 -0.00356839368764 -0.00245941437368 0.0102687435413 -0.00130093509563 -0.00112319850761 -9.82475590944e-05 0.00147565888727 0.000368220270006 1.97498210868e-05 0.000161537383646 
angles: 0.0296633658511 0.168396465671 0.31306018951 0.464443792379 0.622871202319 0.787876971549 0.958400139925 1.13264879547 1.30814801775 1.48224723374 1.65271263394 1.81779317863 1.97675162125 2.12943222857 2.27648914904 2.41910116983 2.55847957442 2.696078407 2.83348854842 2.97242728959 3.11468476941 3.26205402438 3.41640001207 3.57930027416 3.7516912882 3.93352008064 4.12309574717 4.31712612738 4.51130193081 4.70108050739 4.88292397371 5.05508498048 5.21716742025 5.37001215247 5.51491405821 5.65329759221 5.78694112049 5.91772232032 6.04764847457 6.17873480629 
