range:0-360 
center: -2.89708724022 3.6578707695 0.193828245811
a: -0.00349481591292 -0.00453986172215 0.077871643243 0.00334799153846 0.00301649720092 0.00355862436871 0.00824029980745 0.000420183102089 -0.000289346076531 0.000883740124801 0.00081928264054 -0.000143320162651 -0.000277150715806 
b: -0.00148581781299 0.0198449474549 0.0442549752763 0.00235188062847 0.000908469431011 0.00451236315126 0.00357705330306 
c: 0.00235461335972 0.0964897391825 -0.00454062545198 0.00169289704585 -0.00364040463256 0.0103782500183 -0.00552438267634 -0.00103036299013 0.000137230783504 0.00135642794626 -0.00105955681431 -0.000513768696167 0.000391928250589 
angles: 0.0733555966032 0.226789112148 0.387976976025 0.557415972052 0.733522868755 0.91281011552 1.09175032867 1.26682196441 1.43555391754 1.59662650971 1.74959220825 1.89503066166 2.0341672046 2.16825852062 2.29850510249 2.4262041513 2.55262075316 2.6788317936 2.80611169365 2.93554810685 3.06779332115 3.20321300855 3.34370982054 3.49217311823 3.65094837236 3.82181837249 4.00500627597 4.19851056028 4.39852499912 4.60018199428 4.79764907508 4.98678927056 5.16517115383 5.33229442395 5.48961327128 5.63937833733 5.78378050038 5.9254012415 6.06669376083 6.20960340471 
