range:0-360 
a: -0.712706421095 0.308714567239 44.0156386768 0.79023005365 0.370348395791 -0.194901919891 1.38392998886 
b: 0.248241476971 0.308293860075 47.3505848671 -0.633596267019 0.126264696645 0.425437413656 1.95430894047 