range:0-360 
center: -3.34448137283 4.4520186305 -0.0207416722435
a: 0.000428496277565 0.00983375304517 0.163617020164 -0.00059422256007 -0.0101740780476 -0.00930898675981 0.00928218413763 0.000125093923263 -0.00139609254034 -0.000436570466445 0.00086803025208 0.000150923769111 7.02348788815e-05 
b: -0.00253192889892 0.0486064129959 0.0974999715542 -0.00353802542407 -0.00595537109411 -0.00290180645982 0.00780086774046 
c: -0.011953751582 0.183995304655 0.00983348113193 -0.013731155181 0.000261757042752 0.0110979404804 0.0103589649719 -0.00216299110793 -0.000211811761993 0.000943317697088 0.000608965991543 -0.000921139182926 2.8563220097e-05 
angles: 6.24635278286 0.0865220457949 0.21824331706 0.358965481108 0.507779416667 0.665123146317 0.831117864609 1.00486532642 1.18305930309 1.36251446695 1.54189585126 1.72020622912 1.89640812013 2.06915532456 2.23730184951 2.40026377672 2.55820723584 2.71219416533 2.8638258911 3.01502584042 3.16831333838 3.32675331369 3.49259169794 3.66699656806 3.85122979061 4.04486844259 4.24600991834 4.44924942414 4.64838897931 4.83772249765 5.01344199465 5.17372017828 5.3184973747 5.44994050626 5.57121971773 5.68589309036 5.79689236537 5.90658518358 6.01684698414 6.12945420112 
