range:0-360 
a: 0.216728305285 0.172163326668 33.218529245 0.0141270119924 0.7842752137 0.0218990815252 1.64144404938 -0.168574103197 -0.399274576012 
b: 0.373663327917 0.171940827526 36.8383269732 0.447499110615 -0.0362279110417 0.3662974982 1.97858027967 0.291354256752 -0.427167129498 