range:0-360 
center: 324.48464732 339.319462779
a: -0.231773080984 0.338889054909 38.5456813902 0.29832375365 0.455424764784 -0.133858095622 1.61107149935 
b: 0.16996659022 0.338368313047 42.2072943155 -0.164378837876 -0.115694689199 0.546434172022 2.05376146695 