range:0-360 
center: -3.04714975357 3.92228414416 0.123331957695
a: -0.00218718484491 -0.00156067755058 0.119382786426 0.00191472727942 -0.00138347732836 0.00182044970414 0.00788774361387 0.000446054463775 -0.00106243098348 -0.000170209749033 0.000917488599462 -0.000182523678684 -6.94724170216e-05 -0.000108505232214 0.000279274064518 -5.63176413952e-06 3.70456863722e-05 
b: -0.0018699604412 0.0311075740172 0.0695528893162 0.000460270217721 -0.00140634817574 
c: -0.00247594936472 0.137539067538 -0.0015606761313 -0.00356841017647 -0.00245963694308 0.0102685553227 -0.00130090383764 -0.00112246388294 -9.88711292546e-05 0.00146332325294 0.00034931731779 9.57293239352e-06 0.000164693031967 0.000268244455169 6.75710431175e-05 4.30557376786e-05 -2.5527810712e-05 
angles: 0.0296633658511 0.168396465671 0.31306018951 0.464443792379 0.622871202319 0.787876971549 0.958400139925 1.13264879547 1.30814801775 1.48224723374 1.65271263394 1.81779317863 1.97675162125 2.12943222857 2.27648914904 2.41910116983 2.55847957442 2.696078407 2.83348854842 2.97242728959 3.11468476941 3.26205402438 3.41640001207 3.57930027416 3.7516912882 3.93352008064 4.12309574717 4.31712612738 4.51130193081 4.70108050739 4.88292397371 5.05508498048 5.21716742025 5.37001215247 5.51491405821 5.65329759221 5.78694112049 5.91772232032 6.04764847457 6.17873480629 
