range:0-360 
center: -0.00751775094875 0.00307555481628
a: -0.00365134878566 0.00407851650618 0.154586347317 0.00462735472685 0.00138036096339 -0.00406974248429 0.00568655105432 -0.000669064326971 0.000353159938793 4.19811950976e-05 5.60173855149e-05 -0.000233687770612 -6.97763840547e-05 
b: 0.00164646488195 0.00407852039508 0.166423910352 -0.00267513139641 0.00191251819423 0.00408706244713 0.00615122832132 0.001284620554 0.000179562800191 5.9809470728e-05 0.000408130616226 0.000372234238574 -0.000105234769777 
