range:0-360 
center: -0.0110198056061 0.00376464040767
a: -0.00508746276731 0.00607817605752 0.173126646563 0.00574817107439 0.0012273923324 -0.00595756422297 0.00594531341335 -0.000340403577432 0.000541278632543 -7.57080394188e-06 -4.68938901467e-05 -0.000226932008829 -3.38102930252e-05 
b: 0.00169396147808 0.00607826346503 0.185368651629 -0.00442628577475 0.00216027687936 0.00619879263168 0.00629693491819 0.000983750360839 0.000392727206914 0.000234480721763 0.000396454050176 0.000400141903687 -0.00011265776509 
