range:0-360 
center: -3.25061704516 4.27366601229 0.0327705276286
a: -0.00225623837606 0.00325437966946 0.173759569738 0.00275322026779 -0.00587731666871 -0.00318143892285 0.00882634518688 0.0004280783276 -0.000730655931862 -5.2738675263e-05 0.000668272469932 -0.000633067527435 3.63920154255e-05 6.52294129751e-05 0.000139813663026 -0.000311157182014 1.49203216403e-05 
b: -0.00287688232864 0.0466075765553 0.102275962202 5.79411632075e-06 -0.00363662434701 
c: -0.00658496371363 0.193153758292 0.00325441672577 -0.00729257755006 -0.00175926117197 0.0105676920898 0.0033274584375 -0.00068455616985 0.00142197093271 0.00107310776835 9.33846062895e-05 8.51814229774e-06 0.00121712219811 0.000262586545965 0.000124198629793 -3.74351516851e-05 0.000272455108585 
angles: 0.0136660634145 0.146894984908 0.286338886713 0.43282528793 0.586761210205 0.748244285395 0.916653101994 1.09024984271 1.26655236654 1.44285615292 1.61664440681 1.78618282093 1.95027278684 2.10865455634 2.26179685817 2.41051644139 2.55566894454 2.69838194917 2.84026630176 2.9833857531 3.12972990315 3.28138266302 3.44023171334 3.60756478797 3.78384866629 3.96863454201 4.16053522703 4.3561702564 4.55069587551 4.73968600841 4.91951154209 5.08849220731 5.24632652128 5.39401572001 5.53338653013 5.66610739982 5.79408308186 5.9191618461 6.04325261302 6.16848419059 
