range:0-360 
a: -1.77700209048 4.52697238625 55.3623037779 2.43435556856 -0.371123818977 -4.20695891858 2.38521964635 -0.534513365639 0.371291379357 
b: -0.0454902071654 4.52823278068 59.9499280982 -1.11422495697 0.276588408912 4.84870068011 2.20095402766 0.789814695803 0.298367779566 