range:0-360 
center: -0.0144971245051 0.00341765158465
a: -0.00645147289159 0.0127233160342 0.18504057081 0.00732215865139 0.000223883977537 -0.0123454331866 0.00819285567425 -0.000607667304898 0.000983137677112 -0.000435981683793 -0.000961786920296 -2.71846809336e-05 -0.000128145734733 
b: 0.000881086861356 0.012723122587 0.199783960256 -0.00557997832049 0.00153800652102 0.0131002876398 0.00655106298121 0.00113537022827 0.000333675853612 0.000322623006969 -0.000685627351209 0.000488130000807 -0.000526454883815 
