range:0-360 
center: -3.2261212647 4.22942711115 0.0450756762643
a: -0.00255075053136 0.00115388981386 0.171243555701 0.00271099911348 -0.00520192561139 -0.00159127958407 0.00886859800423 0.000507452613287 -0.000387357438975 0.000475995364576 0.000853984183349 -0.000481004623496 -7.64848753911e-05 
b: -0.00280469427936 0.0451797271472 0.09991823235 0.000158287728584 -0.00357596709282 0.00163487453333 0.00537894283961 
c: -0.0056666174465 0.191036772269 0.00115407949706 -0.00613146812965 -0.00239051462717 0.0109248675976 0.000716691202194 -0.000543383513671 0.000829160662096 0.00121739586764 -0.000372113202373 -8.93989938186e-05 0.000877294392399 
angles: 0.0196162299819 0.1543716581 0.295116272436 0.442723733197 0.597626028621 0.75983493017 0.928689948053 1.1024969499 1.27868343903 1.45440545338 1.62724386079 1.79549097552 1.95803538875 2.11469540413 2.2659337221 2.41264381875 2.55594746162 2.69701597425 2.83739459515 2.97913697199 3.12424216071 3.27469737507 3.43238634612 3.59870891994 3.77419111307 3.95832205097 4.14934293922 4.34416227882 4.53862895216 4.72799423852 4.90876260468 5.07892838263 5.23813130509 5.38731867431 5.52805915637 5.66246315886 5.79225059551 5.91922120847 6.04540198352 6.17264442193 
