range:0-360 
center: -2.99629848599 3.83495104313 0.148210418154
a: -0.00214354845256 -0.00148731144652 0.103085704114 0.00184702237903 0.00115812594696 0.0018305012048 0.00789337796988 0.000561286725611 -0.00124051516138 -0.000252436627736 0.000815636544925 -0.000223442367308 -9.88091193863e-05 
b: -0.0013064136018 0.0272737786392 0.0596403323449 0.00072573194739 6.10033885402e-05 0.00330125895363 0.00436507271381 
c: -0.000249943297647 0.120762813785 -0.00148722469243 -0.00165798269048 -0.0024398620623 0.00978385254604 -0.00114423416826 -0.0015763367838 -3.0294422823e-05 0.00107792853273 0.000460471307852 -0.000244438610966 0.000298436587715 
angles: 0.0363561850492 0.179415726442 0.328646340975 0.485413416861 0.649740698115 0.820330169849 0.99544341952 1.17274822106 1.34940182662 1.52268740179 1.69048421826 1.85155933447 2.00559965111 2.15305403954 2.29489883092 2.43243033173 2.56709059907 2.70029399115 2.83368789181 2.96892494892 3.10737376867 3.25084829281 3.4009463469 3.5591149046 3.72639286539 3.90301337447 4.08807809047 4.27913149074 4.4723156627 4.66319292461 4.84780193728 5.02359639645 5.18975652018 5.34674505701 5.49568006007 5.6382808301 5.77620128267 5.91135169785 6.0456806985 6.18111964222 
