range:0-360 
center: -3.09888875485 4.00964663029 0.10079619012
a: -0.00257831589575 -0.00210763159602 0.136166763367 0.00275706706963 -0.00270430175535 0.00204088716309 0.00759656302316 0.000125848973363 -0.000720145307385 0.00013137540535 0.00107036487108 -0.000225124305273 -4.34313835468e-05 
b: -0.00230616906539 0.0346878338257 0.0787466952007 0.000631815422833 -0.00215644918181 0.00359247783532 0.00397311653034 
c: -0.00345609382475 0.15414430931 -0.00210740725245 -0.00420809961994 -0.00239896800795 0.0103811707937 -0.00217399281646 -0.000785646169207 0.000485368447433 0.00174484225782 4.57972033136e-05 -9.96133119599e-06 0.000388533525173 
angles: 0.029668418846 0.166982536034 0.310156969271 0.459928258766 0.616502453589 0.779703060169 0.948715678106 1.12191447516 1.29691722478 1.47111736602 1.64210171677 1.80812458838 1.96818487252 2.12211600421 2.27044214551 2.41425424586 2.55474950232 2.69342686786 2.83180856016 2.97164881673 3.11486781879 3.26330571099 3.41890030603 3.58332909305 3.75743399476 3.94084310119 4.13157825783 4.3263277791 4.52081429839 4.71061029354 4.89234336758 5.0643057497 5.2259216227 5.37806657297 5.52195691734 5.65930278113 5.79185049538 5.92154689024 6.05031707898 6.18012437478 
