range:0-360 
center: -3.9974058032 0.113478337042 0.425243158638
a: 0.00664865586313 -0.00975604459836 0.0925058573118 -0.000873431655974 -0.0379371735122 -0.00900211625188 0.0640314430761 -0.00804073699099 -0.0544323242941 -0.0154448146229 0.114646102592 -0.0192428525086 -0.0351850846913 
b: 0.00438342777592 0.157406954328 -0.006055398959 0.00754372442875 -0.0012891105408 
c: 0.0015216604815 0.0175744108917 -0.00135458925331 0.00251640727026 -0.00568574704981 -0.00492617287198 -0.0010196315016 0.00178396444318 -0.00849590303128 0.00788539859948 -0.000922779078199 0.00185724503257 -0.00401538196759 
angles: 5.58562427003 0.135674636843 0.855674926114 1.15513906436 1.29711138655 1.3802047074 1.43652745021 1.47886219201 1.51325299427 1.54310082019 1.57057008266 1.59746714071 1.6257614533 1.65778276895 1.69804689256 1.75365542963 1.83846702318 1.98930559108 2.32671587972 3.15038664585 3.93910060601 4.2563461235 4.40077386588 4.48313457296 4.53795632212 4.57862694938 4.61135065755 4.63950132719 4.66513709761 4.68938914891 4.71268475779 4.73586829035 4.75988993161 4.78581652141 4.81512009347 4.85003850004 4.89425054479 4.95496311398 5.04791569384 5.2143093004 
