range:0-360 
center: -3.99773886204 0.128157204622 0.362588478625
a: -0.00539031248296 -0.0243265956419 0.0872134884467 -0.0283044670155 -0.0185870526025 -0.0265701389337 0.0452631793397 -0.0374384362505 -0.0339338120193 -0.0259559926049 0.0978932159009 -0.0322917549522 -0.0257841588214 
b: 0.00890893693741 0.171136586158 -0.00579480771826 0.011662441079 -0.00143429013035 
c: 0.00361312858621 0.0250979104887 -0.00216365130908 0.00688597517538 -0.00636457904868 0.00112588509391 -0.00255782200867 0.00698015192348 -0.00921102849182 0.0118455370717 -0.00166459495697 0.00495878683329 -0.00424626156122 
angles: 5.65746771515 0.287175554204 0.934428723743 1.19234301115 1.31832612253 1.39401203877 1.44622444261 1.48602038759 1.5187740011 1.54750416927 1.57430415928 1.60097034978 1.62944243653 1.66195194669 1.70306028696 1.76060987621 1.848195479 2.00182458363 2.33535883507 3.11525825834 3.89401862988 4.22678028961 4.3803052103 4.46805394599 4.52642241889 4.56960886112 4.60421655649 4.63376680267 4.66023996325 4.68463080539 4.70785662913 4.73093495673 4.75483766613 4.78069504318 4.81001051267 4.84520111203 4.89026145222 4.95283424068 5.05032895079 5.23109543384 
