range:0-360 
center: -3.99933882952 0.0773175300681 0.614487467706
a: -0.00188566892878 0.0193693294916 0.08797311379 -0.0167502144437 -0.0640518396573 0.0265655642267 0.0703222003194 -0.0215743077577 -0.0833237084413 0.017777303218 0.115641912318 -0.0249538633798 -0.0457161002141 
b: 0.000282033518639 0.130720889703 0.000261827289626 0.00265050873915 -0.00389559679081 
c: 0.000212180958546 0.0138450370394 0.00139128597072 -0.000202656389084 -0.0054590148118 -0.00470150690511 0.00275040836153 -0.001907556284 -0.0075977237457 0.00646799246767 0.00150276746199 -0.000966174191535 -0.00390972737672 
angles: 5.54184598239 0.00285588107088 0.765742374121 1.11029922066 1.27186561085 1.36464094926 1.42645837852 1.47178717567 1.50753135756 1.53825553219 1.56640771055 1.5935517066 1.6213006548 1.65237096676 1.69101399196 1.74335088442 1.82211422247 1.96042805803 2.26724786795 3.06270799546 3.9166612884 4.25551055239 4.40415527582 4.48732458408 4.54190286539 4.58234646916 4.61534397601 4.64412492777 4.67030599526 4.69492070549 4.71874396937 4.74259593612 4.7673310813 4.79395896082 4.82389292251 4.85923078407 4.90355269437 4.96356692192 5.05377873669 5.21026296543 
