range:0-360 
center: -3.99839676619 0.0878247774788 0.551154623926
a: -0.00320125579196 0.0228171864418 0.093128869614 -0.0209234505805 -0.0624393818905 0.0299347065377 0.0724186337317 -0.0242700802603 -0.0805104468643 0.0140717802315 0.119554104107 -0.025284790707 -0.0450372228178 
b: 0.0003143338451 0.143517253311 -0.00284201087236 0.00333488750343 -0.00211515696257 
c: 0.000237437553702 0.0157225166997 0.00112583390378 -0.000153166633766 -0.00614908717797 -0.00463063530611 0.00321298325999 -0.0019972077704 -0.00876988560078 0.00724166992388 0.00170111456632 -0.000931085596705 -0.0042413936865 
angles: 5.55378342872 0.0292537284417 0.780908641083 1.11626689486 1.27414409389 1.36515455027 1.42591700093 1.47087749507 1.50710183817 1.53841044492 1.56658720434 1.59393894096 1.621761169 1.65307257297 1.69150628332 1.74332391405 1.82134048664 1.95830807528 2.26229139536 3.05606368294 3.91783921833 4.25865521887 4.40732776872 4.49022168575 4.5446523436 4.58464889788 4.61669430749 4.64434856144 4.66989923098 4.69433068731 4.71804257955 4.74178869034 4.76641530316 4.79294873709 4.82282172282 4.85820700203 4.90275453014 4.96330253005 5.05456720453 5.21390810796 
