range:0-360 
center: -4.00674631596 0.0525701178788 0.74054620415
a: 0.0250414715504 -0.0480353108527 0.038601474753 0.0522432517432 -0.0114439529992 -0.0491190198392 -0.00405364307031 0.0465908961694 -0.0263539447067 -0.0257136081836 0.0507904309505 0.013633741151 -0.0245936527375 
b: -0.00582721265288 0.0922243336153 -0.000814340079307 -0.00352994762832 -0.00248139157399 
c: -0.00464577133802 0.0187252884004 -0.00202751462357 -0.00952131214135 0.00331175864245 0.00622969905777 -0.0042710164245 -0.00967323475941 0.00401374613108 0.00981181398021 -0.00257903192832 -0.00460022808754 0.00149005421251 
angles: 5.85357654148 0.310689409842 0.845811104563 1.11033713061 1.25443932791 1.34609929394 1.41123802691 1.45961393628 1.4977646796 1.53162168141 1.56032955994 1.58664345263 1.6128424085 1.64047908398 1.67218657924 1.71269942269 1.76982358749 1.86145235555 2.03943826853 2.50097677821 3.53980030035 4.1492763783 4.37000524753 4.47647900743 4.54042981495 4.58493953032 4.61949419607 4.64885917859 4.67545263377 4.70084010402 4.72636998647 4.75270101443 4.78074366099 4.81237539681 4.84943503012 4.89445847685 4.95255974598 5.03398652525 5.16106886251 5.38927769946 
