range:0-360 
center: -4.00075139403 0.14108904656 0.299649837613
a: -0.0226840777838 -0.0111414327883 0.0618131464315 -0.0614575111786 -0.0160110879088 -0.00680884326177 -0.0184816183323 -0.0668899989948 -0.0258908182691 -0.0127515014794 0.0499970247104 -0.0419108851752 -0.0174342192643 
b: 0.0129731187698 0.184919568867 -0.00597016821876 0.0156789536215 -0.00150135791581 
c: 0.00539596405989 0.0296619296221 -0.000471226127391 0.00971925757674 0.000195868784892 0.00407463724323 0.00182554424476 0.00878942969984 0.000118856101219 0.0139693312158 0.0014382027288 0.00568016035787 0.000466516346211 
angles: 5.83401893558 0.499483584752 1.01727898904 1.22876759615 1.3381182463 1.40625506376 1.45448718109 1.49193421434 1.52319746485 1.55096775091 1.57714528 1.6034019099 1.63154201626 1.66376286217 1.7037110192 1.75812736523 1.83884201526 1.97388063152 2.24565882968 2.8807005653 3.72715444702 4.15079038514 4.33992618342 4.44362688961 4.51044893557 4.55869567389 4.5965851152 4.62827457407 4.65594814605 4.68094563021 4.70465793301 4.72820005072 4.75264539831 4.77923320266 4.80960444715 4.84644471772 4.89447178444 4.96329960224 5.07517708136 5.29367067496 
