range:0-360 
center: -3.99792782068 0.100077253184 0.488105548173
a: 0.00360720648923 0.00693241954286 0.0958089120629 -0.00692985578149 -0.0597538947789 0.0119436095793 0.0748800373119 -0.0117508717496 -0.079264596063 -0.000995227381263 0.122802575723 -0.0200704620263 -0.0461838401272 
b: 0.00206145922838 0.148831902042 -0.00534571017877 0.00547490190846 -0.00120003100956 
c: 0.000875004772646 0.015641865024 -0.000115551766873 0.00112858258052 -0.00531185031395 -0.00558927255902 0.00132889337093 -0.000407358938614 -0.00793123477676 0.00708294638709 0.000453314097963 0.000267216816906 -0.00375306707684 
angles: 5.56503985016 0.0689720325154 0.810448986105 1.13160972336 1.28305936854 1.3707980311 1.42966300941 1.47366444313 1.50932723011 1.54001133859 1.56809294983 1.59524259993 1.62331871737 1.65490511904 1.6939845445 1.74726191096 1.82798086021 1.97099234729 2.2914036101 3.10860674528 3.9367248473 4.26293525432 4.40785431068 4.48950156628 4.54344829678 4.58327878804 4.61520504645 4.64269855229 4.66801994486 4.69232345991 4.71586892612 4.73936930861 4.7637453947 4.79003257015 4.81967586093 4.85484479139 4.89924358507 4.95985971105 5.05177273282 5.21366187017 
