range:0-360 
center: -4.00198084116 0.0662501471699 0.677729196847
a: -0.0167750756276 0.0468398026952 0.0747964924703 -0.0475203241896 -0.0429285569774 0.0544894862831 0.0546082812075 -0.0488309073021 -0.0531125468006 0.0316281454779 0.100246671659 -0.0338378256089 -0.0285808542313 
b: -0.00147908044808 0.110529024929 -0.000569126806964 0.000896322985722 -0.00444929408518 
c: -0.00142470460138 0.0160200946514 0.00235716693819 -0.00370659926661 -0.00735181784893 0.00110803976161 0.00527499910787 -0.00536075648929 -0.00965295831254 0.00866032420229 0.00316369238204 -0.00273301688953 -0.00481353341726 
angles: 5.59352764791 0.0457075781341 0.761351621123 1.09773110118 1.2634623228 1.35948356632 1.42260660528 1.47004415632 1.5072698987 1.53751756241 1.56533447794 1.59227120646 1.61960537135 1.64972168934 1.68629118402 1.73513296268 1.80774759215 1.932942254 2.20460203436 2.93646122536 3.86635896575 4.24371662162 4.40175855783 4.48743151312 4.54252847926 4.58229472941 4.61520348004 4.64436782019 4.6708683636 4.69580209502 4.7200943837 4.74455361277 4.7700622402 4.79775780878 4.82909643704 4.86624975496 4.91304265125 4.97687657199 5.07339187006 5.24138920654 
