range:0-360 
center: 322.190903069 340.122782314
a: -1.31074696428 0.4619093518 49.7663119549 1.45338513764 0.469969281121 -0.48160850621 1.21491198826 -0.0951661025128 0.0627342706299 
b: 0.569100444291 0.461928990748 52.780138883 -1.16614216722 0.669131988084 0.443800568226 1.7977726821 0.17704470874 0.128388628891 