range:0-360 
center: 321.031939104 340.75289279
a: -1.82386385456 1.28379407268 56.3413887821 1.95668378745 0.608655185928 -1.38358077652 1.60813342461 
b: 0.841216971602 1.28552849722 59.8022570941 -1.68998409913 1.07263383278 1.16844522871 1.85497669632 