range:0-360 
center: 320.164464888 340.286933992
a: -2.11851281819 3.44936348044 53.6411479272 1.52205291481 0.480458799791 -3.70930351518 3.10724417708 0.379242047862 0.310328715399 0.164060708459 -0.532698841652 
b: 0.397810542142 3.45209078788 58.6221354812 -2.70964823156 0.315702411913 3.18708442341 1.86803202019 -0.809365955241 -0.470280268303 -0.321538651313 -0.714522373332 