range:0-360 
center: -5.17322767973 0.247541274317 0.0636405950703
a: 0.0067760916349 -0.00474503065981 0.154178795309 -0.00417427296069 -0.0243274513461 0.00333933490735 0.0127202720453 -0.00305929411017 0.000352566971954 0.0021660571784 0.0013242483004 -0.000548452307584 -0.000620625864684 
b: -0.0169435651916 0.117728116914 -0.0217526550345 -0.0139406022523 0.00867977234879 
c: -0.0244040544282 0.181631556824 -0.00473877683088 -0.0244497198459 0.00936255647387 0.0147252279329 -0.00615326646306 -0.000454020902226 0.00212964457578 0.000673078144649 -0.000655204849273 -0.00032841128131 -0.00125498061447 
angles: 6.19032750873 0.0479653334582 0.186293482371 0.322390496683 0.455511953965 0.58555484817 0.713368490678 0.84003338412 0.968558951839 1.10463561101 1.25333652592 1.41365300564 1.58122114772 1.75792990342 1.94496274316 2.14376848155 2.34790262982 2.55489641846 2.76674481705 2.98207857244 3.19798839775 3.41184914404 3.62517247393 3.8331082569 4.02604930265 4.20190203501 4.36333066209 4.51922466021 4.67192656066 4.81543709332 4.94673034122 5.06845619216 5.18430911803 5.29744437857 5.41065379398 5.52643502377 5.64694278177 5.77397199425 5.90812858405 6.04810217105 
