range:0-360 
center: -5.16955565214 0.279495325312 0.049001471349
a: 0.00662085695162 -0.0038914999275 0.151351656334 -0.00427894067587 -0.0193232918029 0.00101605412267 0.00990136903241 -0.0023927376304 -0.00115064140009 0.00362989477887 0.00182283331453 -0.0011307542091 -0.000736237359988 
b: -0.0146871713583 0.113073875772 -0.0207592732808 -0.0130728597816 0.00787368559152 
c: -0.0210922103388 0.174547678228 -0.00388498197943 -0.0228237629635 0.00894669459225 0.0132667653182 -0.00676199253013 -0.00233771556975 0.00226456927297 0.00153023740822 -0.00214115104578 -0.000542348630293 -0.00100511286479 
angles: 6.1872389654 0.0481800994652 0.189370883761 0.328860921055 0.467504174029 0.604734465718 0.740548369776 0.874916651405 1.00962567205 1.14999355188 1.29929127988 1.45315645631 1.61161627345 1.77914536158 1.95964616801 2.15450579615 2.3579312202 2.5635801485 2.77374527978 2.98705176322 3.20090698977 3.41434081732 3.6287907836 3.8327957906 4.01873260708 4.18733971829 4.34251884126 4.49159838601 4.63885311278 4.77981519634 4.91041871762 5.0321978422 5.14888666887 5.26404908626 5.38041118187 5.50009439497 5.62514823012 5.75719701746 5.8962665088 6.04082648664 
