range:0-360 
center: -5.17727321386 0.217554345261 0.0812466309464
a: 0.00669702716685 -0.00544088970416 0.156597943148 -0.00425656461614 -0.0269737054906 0.00578216526474 0.0156244777349 -0.00316858835127 0.000997957170765 0.000450927924164 0.000612129616846 -1.66940034651e-06 -9.09277533803e-05 
b: -0.0179406804654 0.121922837643 -0.0225931052779 -0.0138761553128 0.00879486026263 
c: -0.0257753309172 0.188096667307 -0.00543582332703 -0.0245620212598 0.00912429647708 0.0158901368599 -0.00510765182311 0.0014537104869 0.00169383253164 -0.000348872216208 0.00111003184715 0.000350692565923 -0.00126997253737 
angles: 6.19731369845 0.056488658704 0.196303775617 0.331946744441 0.462051139285 0.587537821466 0.70954597829 0.830568532961 0.954495084165 1.08640502326 1.2317935789 1.39371813221 1.56831980199 1.75156881833 1.9436513447 2.14280576293 2.34534355916 2.55160772773 2.76311769584 2.9787908094 3.19457152168 3.40715073416 3.61635810325 3.82360441299 4.02141314022 4.20433509483 4.37255075491 4.53187030322 4.68265476781 4.82320587443 4.95276973494 5.07348003931 5.18882074679 5.30227161174 5.41635328827 5.53280670325 5.65357590079 5.78050813317 5.91445457046 6.0543925434 
