range:0-360 
center: -5.16650170088 0.312744600698 0.0362457156112
a: 0.00619161690052 -0.00329191503452 0.147912651937 -0.00401322969287 -0.0137330214355 -0.00023496665632 0.00783227576148 -0.00176532662922 -0.00236061343735 0.00395193840038 0.00195056958888 -0.0013933643207 -0.000668362458594 
b: -0.0118096518288 0.108654596056 -0.019921144813 -0.0113611948978 0.00687474862558 
c: -0.0168028582888 0.167865328809 -0.00328781122823 -0.0198517774592 0.00835514001846 0.0120980221159 -0.00681215297729 -0.00375387301669 0.00256291662739 0.00227623859716 -0.00311760766155 -0.000723525684598 -0.000395658218433 
angles: 6.19011910824 0.0587378624161 0.206846429793 0.352625287436 0.49820294573 0.642743889683 0.783906998896 0.922430954203 1.06017673051 1.20176868718 1.34790431991 1.49554707089 1.64792493755 1.8101660873 1.98555993178 2.17467861465 2.37319835964 2.57548990868 2.78211733756 2.99159725456 3.20178640583 3.41368631985 3.62465459425 3.82159882831 4.00035526368 4.16265266322 4.31261010969 4.45497653584 4.59428187894 4.72906531986 4.85636780473 4.97774871245 5.09678953693 5.21600351239 5.33787426722 5.46404550174 5.5964605359 5.73646818276 5.88347389016 6.03589031875 
