range:0-360 
center: -5.16229944229 0.380893344432 0.0129234345004
a: 0.00461509474712 -0.00319196567999 0.139416034392 -0.00235910058067 -0.00437060414833 5.98848237649e-05 0.00537869806316 -0.0017274706711 -0.00248223097609 0.00292924096152 0.00123052270761 -0.000559503078342 -7.76626434367e-05 
b: -0.00524833438586 0.0993410487586 -0.0188224502894 -0.00558497939718 0.00484802993029 
c: -0.00712266390406 0.153562939057 -0.00319102685746 -0.00987439691631 0.00686450818245 0.00876851303192 -0.00631891681207 -0.00302594334502 0.00276881868692 0.00207874635475 -0.00331295585608 -0.000390943084294 0.00050253547134 
angles: 6.21153614332 0.0997368731647 0.265983544562 0.427139528094 0.584004135304 0.73598242923 0.88284543759 1.02488658513 1.16392322098 1.30245344681 1.4420747602 1.58458137454 1.73275981353 1.88906896831 2.05477347619 2.229772145 2.41277753398 2.60280215253 2.79852704557 2.99754367251 3.19857245301 3.39987792276 3.59284634312 3.77170636818 3.93598610546 4.08748841434 4.22865140146 4.3619740479 4.49000756908 4.61482440933 4.73781848927 4.86077373799 4.98559855221 5.11418435735 5.24834692074 5.38978391321 5.53983474573 5.69886359692 5.86571369123 6.03774000765 
