range:0-360 
center: -5.18187265396 0.18975148052 0.102120413771
a: 0.00622735111018 -0.00531260295638 0.159021096532 -0.00407081739297 -0.0264511994077 0.00678716990431 0.0171825380867 -0.00312485672921 0.00094485972164 -0.000638260438071 -0.000168840273666 0.000459268340713 0.000709933416574 
b: -0.0170341973843 0.124009870703 -0.0228569261624 -0.0126700247801 0.00825893069431 
c: -0.024435099435 0.191418260459 -0.00531049731456 -0.0224195435215 0.00837086782708 0.0152445623026 -0.00384485939146 0.00315608296164 0.00116522150935 -0.00173072582413 0.00227161811391 0.00122639998841 -0.00131981921575 
angles: 6.2071856552 0.0711082261077 0.215145279842 0.353135962834 0.484620275771 0.610350375104 0.732236450943 0.852986140203 0.976167833043 1.10645736998 1.24913324418 1.40778069988 1.57992415989 1.76205429569 1.95268253455 2.1491211528 2.34886460998 2.55247798549 2.7621017868 2.97670709681 3.19121583922 3.40091191087 3.60482814595 3.80660618254 4.00248085928 4.18806748489 4.35950163191 4.51632417721 4.66114719068 4.79779653761 4.92642576598 5.04800608195 5.16517735465 5.28150734228 5.39970967963 5.5205963801 5.64603267227 5.77751740009 5.91588768133 6.06002483571 
