range:0-360 
center: -5.16032948494 0.415249307454 0.00167236623237
a: 0.00367272893237 -0.00348891124458 0.136039242885 -0.00121752454704 -6.21262924795e-05 0.000601256147837 0.00526193701217 -0.00206077651811 -0.00194824448319 0.00262600542346 0.000921851235272 -0.000169786724801 -1.11819396259e-05 
b: -0.00186162936288 0.0963640111428 -0.0185889790066 -0.00226740578884 0.00390253980776 
c: -0.0021397102851 0.148933146197 -0.00348846278073 -0.00421683748963 0.00612496437383 0.00763253998231 -0.0063725853758 -0.00220902422569 0.00284013749439 0.00139616265247 -0.00311373193472 -0.000202146167076 0.000584539397849 
angles: 6.22448633109 0.122324326078 0.297922025198 0.467203464388 0.629639238476 0.785102185203 0.934022169545 1.07759580884 1.21758420397 1.35612739367 1.49533986849 1.63727518983 1.78382075122 1.9364534589 2.09610927697 2.26315698851 2.43781629392 2.62015643031 2.80869026894 3.00112865719 3.19538554168 3.38723392875 3.56909962901 3.73811700713 3.89457540121 4.03999775398 4.17657384849 4.30645871825 4.43191459797 4.55506253207 4.67781146635 4.80205404684 4.92969964654 5.06268363399 5.20291713594 5.35219640627 5.51164643028 5.68097485456 5.85826673755 6.04064635205 
