range:0-360 
center: -5.16418230534 0.346670174599 0.0243959193089
a: 0.00549465240951 -0.00305011761818 0.143796691887 -0.00333412820317 -0.00869210906239 -0.000449922179525 0.00634272022694 -0.00154894431428 -0.00280607575525 0.00347576265434 0.00158464917122 -0.00108308295104 -0.000386221689132 
b: -0.008593468976 0.103884180096 -0.0192645832245 -0.00878667825137 0.00584315757425 
c: -0.012044151992 0.160582241164 -0.0030480996583 -0.0153922199398 0.00764404616071 0.0104365916742 -0.00654528205303 -0.00389797277583 0.00274972713895 0.00243258605982 -0.00351556577403 -0.000632379678186 0.000212462530548 
angles: 6.19882259289 0.0770480793432 0.233982677546 0.387266572245 0.539009547097 0.688168079427 0.832720021274 0.973687965795 1.11227824856 1.2523347018 1.39420669413 1.53826566509 1.68797405924 1.84717075328 2.01810886128 2.20053638445 2.39165962169 2.58849007855 2.79022762679 2.99485747314 3.20097123448 3.4090689622 3.61214122504 3.80025464061 3.97182178477 4.12876968769 4.27422235427 4.41172821449 4.5442547811 4.67290397121 4.79726016922 4.91905246438 5.0409239782 5.16494932971 5.29293092008 5.42663954565 5.5676892424 5.71686065538 5.87334399511 6.03520578694 
