range:0-360 
center: -5.18755197525 0.164849711885 0.127270043167
a: 0.00513069095827 -0.00422752873104 0.160421237109 -0.00305347232016 -0.0229906157854 0.00621075948172 0.0164852709694 -0.00356646391957 0.0016594387468 -0.00090505740154 -0.000899413044671 0.000990932375362 0.00135205728685 
b: -0.0136526716513 0.122672700869 -0.0223842211739 -0.00930670029174 0.00719870556554 
c: -0.0195969877117 0.189602315479 -0.00422283169851 -0.0162135348192 0.00719664318807 0.0127231827714 -0.00225508281616 0.00519420290124 0.000557069879364 -0.00275681001693 0.00298865930765 0.00189033868178 -0.00182264383375 
angles: 6.22348559018 0.0959751785987 0.246765917491 0.390737786352 0.527604552245 0.657941096726 0.78347938107 0.907648621309 1.0336307984 1.1646784732 1.30431929772 1.45568459184 1.61900371929 1.79383241801 1.9762965575 2.16536314418 2.35880801264 2.55750897222 2.76308231718 2.97478918978 3.18576427596 3.39038271045 3.58843445687 3.78070999236 3.96726456659 4.1449847476 4.3104319569 4.46193935144 4.60279014098 4.73651347865 4.86589814847 4.99179483716 5.11497230577 5.23763197487 5.36214099569 5.4908321526 5.62498217096 5.76581612853 5.91362444686 6.06719961604 
