range:0-30 
center: -4.3788466915 6.71712106274 0.361461197176
a: 1.2878486973 -1.49268386017 -1.51703741156 -0.241755118189 1.08481837206 0.217651756497 -0.0799398080936 
b: -0.00397811601651 0.00455271716182 0.0031097688136 0.00046979094506 -0.00132971385574 
c: 1.72385400731 -1.82867506397 -2.13349642286 0.0610552112489 1.42344965345 0.23562532042 -0.226120788374 
angles: 1.80998511073e-06 0.0541105326935 0.108208579542 0.16229544047 0.216374508069 0.270471121749 0.324602558868 0.37877669872 0.432992025979 0.487253390882 0.541556020478 0.595895844896 0.650261620506 0.704645450231 0.759031905833 0.813397154888 0.867711255035 0.921952409742 0.976099156222 1.03013587896 1.08404949214 1.13783530863 1.19150314362 1.24504960751 1.29849845136 1.35182732561 1.40504530015 1.45811071198 1.51101850754 1.56374965463 1.61628413891 1.66862435116 1.72076118437 1.77269265129 1.82442444355 1.8759555136 1.92730471259 1.97849082565 2.02953599116 2.08045372773 2.13127359278 2.18201407683 2.2326962066 2.28333920359 2.33395524554 2.38455293648 2.43512591453 2.48566888602 2.53618403241 2.58667908469 2.63715554728 2.68762385248 2.73808003307 2.78852492643 2.83895850196 2.8893898329 2.93982370422 2.99026458898 3.04070795636 3.09115082057 3.14159066592 3.19203049731 3.24247210926 3.29291655251 3.34335726288 3.39379211411 3.44422203927 3.49465656232 3.54510122072 3.59555713004 3.64602625579 3.69650248231 3.74699724716 3.79751320913 3.84805597537 3.89862875191 3.94922712945 3.99984302864 4.05048679389 4.10116884974 4.15190935169 4.2027292791 4.2536477605 4.3046924681 4.35587932239 4.40722827965 4.45875962389 4.51049201305 4.5624237545 4.61456086019 4.66690134946 4.71943611055 4.77216752948 4.8250756104 4.87814129382 4.93135952206 4.98468858659 5.03813755657 5.09168416618 5.14535199984 5.1991385578 5.25305221319 5.30708894473 5.36123647355 5.41547767351 5.4697916542 5.52415669962 5.57854388088 5.63292740552 5.68729382369 5.7416322483 5.79593554664 5.85019650564 5.90441245602 5.95858626929 6.01271837373 6.06681470465 6.12089360322 6.17498037693 6.22907839398 
