range:1.3981704838e-06 to 1.58568446265 
center: -4.41370304169 6.21924278813 0.361464196155
a: 4.68402809847 -5.43743729688 -5.0172589535 0.0833498686747 3.41995327438 0.476487887786 -0.491955517731 
b: 0.128839877504 -0.160978053923 -0.0897525013191 -0.00569220886362 0.0467497536393 
c: 1.98241238068 -2.33385921955 -2.15161458168 0.360271009324 1.54192278781 0.172836116674 -0.315670388361 
angles: 1.3981704838e-06 0.0540140290326 0.108014195182 0.162000012134 0.21597527709 0.269920455383 0.323794458941 0.377582450946 0.431318844087 0.485026513491 0.538676476584 0.59222974019 0.64566560395 0.698969118222 0.752132481674 0.805143541812 0.857998727058 0.910706022269 0.963272300341 1.01570268594 1.06800697108 1.12019442818 1.17227363367 1.22425690836 1.27616128401 1.32800418458 1.37977914886 1.43144644731 1.48299194667 1.53440362211 1.58568446265 
range:1.58568446265 to 3.14159103566 
center: -4.41442609602 6.30768797474 -0.0658271662673
a: -0.219528049443 -0.0461633647602 0.295480631325 
b: -0.0393392080268 -0.0684424828832 -0.00433364654809 
c: 0.0325541943848 0.217018152079 0.180825262766 
angles: 1.58568446265 1.63686276057 1.68796577447 1.73901668122 1.79004115829 1.84107164248 1.89215147861 1.9433151713 1.99455739242 2.04584396238 2.09716747876 2.14853338973 2.19995419902 2.25143997064 2.30300927091 2.3546692328 2.4064243475 2.45828839471 2.51027320457 2.56237419052 2.61459810366 2.66695437618 2.71942934591 2.77200969471 2.82467945442 2.87742287882 2.93022447862 2.98305875001 3.03590579897 3.08875067015 3.14159103566 
range:3.14159103566 to 4.69750108044 
center: -4.80187596044 6.30768829776 -0.0658278718981
a: 0.189776093874 -0.0243090858276 0.295480595967 
b: -0.0554626816861 -0.0845656335241 -0.00433362046203 
c: 0.515749305356 0.700212557436 0.180824480994 
angles: 3.14159103566 3.19443144991 3.24727645116 3.30012226856 3.35295659397 3.40575936377 3.45850255041 3.51117323418 3.56375323561 3.61622780191 3.66858372339 3.72080835038 3.77290909817 3.82489477337 3.87675755125 3.92851363261 3.98017354009 4.03174379487 4.08322863784 4.13464956072 4.18601556574 4.2373392181 4.28862658622 4.33986832237 4.39103267177 4.44211309905 4.49314334594 4.54416805049 4.59521919997 4.64632263864 4.69750108044 
