range:0-360 
center: -4.60815080404 6.44502828121 0.126450350904
a: -3.85164430454e-07 -1.29080891498e-09 0.343702306744 3.45094801696e-07 0.00779282810773 -1.20689009734e-08 0.0168790026372 4.70262698383e-08 0.00549013638836 -3.74619281539e-09 0.00472462220382 -1.42336596477e-08 -0.00634323971552 
b: 6.80196785393e-05 0.0021032394571 -1.40106728564e-07 9.28228222365e-05 1.38263244504e-08 0.000128674566993 -4.20726274887e-08 2.03279290133e-05 -1.03189438073e-08 1.0452409867e-05 6.90451892376e-09 2.54981999273e-05 1.19796509089e-08 
c: 0.0124201177989 0.384042456342 -8.13618214716e-10 0.0169489487627 -4.22202871406e-07 0.0234919768531 -1.03092598597e-08 0.00370469352015 -3.30734472489e-08 0.00190812744176 -1.93894640222e-08 0.0046540695896 4.93599652048e-09 
angles: 1.6155222952e-06 0.0823109995442 0.165479448647 0.248347081184 0.3310081312 0.413575233292 0.49618655159 0.578955927104 0.661891447896 0.744890481056 0.828173366193 0.911401159978 0.994279105224 1.07691124003 1.15933811656 1.24153559451 1.32328338678 1.40357928705 1.48127788389 1.56102710879 1.63853309894 1.71231935507 1.78752378765 1.87217865647 1.95011204364 2.02669468076 2.10269627466 2.1783329379 2.25337707128 2.3278507775 2.40197118686 2.47586686162 2.5496482455 2.62353948042 2.69762283619 2.77175246287 2.84585593982 2.91993299426 2.99394374543 3.06782238573 3.14159047328 3.21535860087 3.28923727784 3.36324786507 3.43732463365 3.51142893145 3.58555805141 3.65964194466 3.73353355012 3.807315618 3.88121103372 3.95533130693 4.02980502679 4.10484934938 4.18048689628 4.25648926496 4.33307215625 4.41100552907 4.49566098633 4.57086593716 4.64465246704 4.72215898683 4.8019084386 4.87960773248 4.95990389085 5.04165209259 5.12384968758 5.20627653966 5.28891007873 5.37178733564 5.45501582534 5.53829814194 5.62129746783 5.70423353224 5.78700309171 5.86961486589 5.95218046607 6.03484249818 6.11771043936 6.20087754734 
