range:1.45154443822e-06 to 1.54955411767 
center: -4.45658493042 6.13461142202 0.315559667926
a: 10.1928829724 -10.8672881186 -11.6883097074 -0.739204901495 7.25124693304 1.26434417542 -0.846962081816 
b: 0.464859768812 -0.496479223492 -0.434452275275 -0.0124044644244 0.201296866624 
c: 13.1659790995 -14.806793326 -14.3239863475 0.547202458991 9.38932121691 1.31214675704 -1.51557546136 
angles: 1.45154443822e-06 0.0528124325381 0.105601970033 0.158347975149 0.211035610216 0.263640718021 0.316136538589 0.368499455747 0.420707767293 0.472716366671 0.524468525525 0.575876360998 0.626849001959 0.677553344649 0.728275450443 0.779065194747 0.829908415461 0.880833059322 0.931849018786 0.982977773107 1.03424154536 1.08564082481 1.13712423773 1.18863893695 1.24014328898 1.29165035496 1.3431759966 1.39472619529 1.44629817811 1.4978964956 1.54955411767 
range:1.54955411767 to 3.14159067796 
center: -4.4226296794 6.21530571292 -0.0742863157704
a: -0.320692830808 -0.129115443513 0.377182798131 
b: -0.0681500748161 -0.0853406514544 0.0301779460894 
c: -0.114868177842 0.0976760986298 0.314437522901 
angles: 1.54955411767 1.60129766807 1.65313983579 1.70506695802 1.75705292936 1.80907052328 1.86112377465 1.91322657809 1.96540313178 2.01767798211 2.07006840538 2.12259304047 2.17526058964 2.22807044362 2.28101431801 2.33408524859 2.38727443872 2.44057818105 2.49399699042 2.54752023947 2.60113994726 2.65484741546 2.70863439901 2.76249203156 2.81641531879 2.87040930437 2.92448660934 2.97865652291 3.03291308627 3.08723316267 3.14159067796 
range:3.14159067796 to 4.73363131374 
center: -4.79367230015 6.21530603593 -0.0742869374358
a: 0.33004624609 0.150581012596 0.377182245556 
b: 0.00282239230182 -0.0143678613185 0.0301778058737 
c: 0.674476597866 0.887020252645 0.314435963452 
angles: 3.14159067796 3.19594668532 3.25026847907 3.30452372829 3.35869383983 3.41277120231 3.46676508721 3.52068941854 3.57454667546 3.62833455885 3.68204164006 3.73566110623 3.78918517842 3.84260382098 3.89590846784 3.94909747996 4.00216825724 4.05511204767 4.10792190902 4.1605904018 4.21311424916 4.26550551089 4.31778039443 4.36995709904 4.42206002454 4.47411344695 4.52613164984 4.57811775653 4.63004496079 4.68188742222 4.73363131374 
