range:0-30 
center: -4.37903101213 6.44633713076 0.36546132305
a: -2.51176043543 2.53997357945 2.87376171629 -0.0188064393952 -1.64615845019 -0.237108542977 0.282710809126 
b: 0.00398573514007 -0.00234001904971 -0.00558737555499 -0.000294407922997 0.00177832507436 
c: 6.3462334545 -5.10670446909 -8.5521324036 -1.85989142282 4.04076139014 0.884075491182 -0.106481206488 
angles: 1.59142727254e-06 0.0547925512728 0.109978658023 0.165480711328 0.220758194919 0.275920762588 0.33101069038 0.386056789324 0.441105468253 0.496190344625 0.551344984102 0.606599800418 0.661896548004 0.717201704284 0.772628785054 0.828179848961 0.883698650075 0.939069816054 0.994286920905 1.04939811555 1.1044181702 1.15934707597 1.21417636784 1.2688681975 1.32329329108 1.37709994762 1.42974656251 1.48128782182 1.53317502618 1.58778717701 1.63854296295 1.68785886306 1.73654646373 1.78753240264 1.8450042251 1.89844052984 1.95012134476 2.00126369682 2.05207966222 2.10270485735 2.15318177293 2.20343300824 2.2533846914 2.3030822064 2.3525955625 2.40197758327 2.45125781293 2.500469327 2.54965331533 2.59888923722 2.64822334026 2.69762663328 2.74704855789 2.79646031854 2.84585850822 2.89524652533 2.94461734257 2.99394507291 3.0432137469 3.09241963871 3.14159050581 3.19076009209 3.23996731991 3.28923601398 3.33856366377 3.38793432922 3.4373221261 3.48672125288 3.53613272342 3.58555431219 3.63495843126 3.6842919533 3.73352853507 3.78271222781 3.83192465554 3.88120468833 3.93058660476 3.98010082878 4.02979745179 4.0797500993 4.13000059973 4.18047835042 4.23110361579 4.28192036664 4.3330628822 4.38474345049 4.4381800341 4.49565238521 4.54663849909 4.59532638675 4.64464260795 4.69539870635 4.75001112227 4.80189849421 4.85344023161 4.90608697355 4.95989396832 5.01431931188 5.06901135418 5.12384069964 5.17877030371 5.23378968385 5.28890222592 5.34411854315 5.39948975489 5.45500929904 5.51056001455 5.56598665846 5.62129231976 5.67658973367 5.73184410954 5.78699924723 5.84208372056 5.89713310751 5.95217785198 6.00726878973 6.06243132275 6.1177091203 6.17321048075 6.2283963765 
