range:2.89366585005e-06 to 1.43925627516 
center: -4.46642248092 6.86648082733 0.417963341359
a: 0.0696523493298 -0.142331328597 -0.0757359996091 -0.114890809012 0.130531175798 0.0460472839085 0.0222875771172 
b: 0.0618350688876 -0.0712764415995 -0.03544060758 -0.00891764395465 0.0140276176728 
c: 1.50479075925 -1.53547290922 -1.89055168257 -0.0706962129306 1.15262838009 0.191837400643 -0.143922169117 
angles: 2.89366585005e-06 0.0474550495728 0.0949126958406 0.14238190214 0.189864777265 0.237366718564 0.28488205034 0.332373808547 0.379821839475 0.427198601091 0.474472893159 0.521649049479 0.568716604693 0.615691111135 0.662618452755 0.709542512689 0.756488929584 0.803508432636 0.850652371023 0.897965073019 0.94546171502 0.993178355604 1.04117765822 1.08947750484 1.1381263863 1.18714024565 1.23658399682 1.28648148991 1.33688139391 1.38780275172 1.43925627516 
range:1.43925627516 to 3.14159041202 
center: -4.43362211412 6.93833388052 0.0708308355703
a: -0.150724745768 -0.0140226594265 0.204033930004 
b: -0.00886616228513 -0.0475618174879 -0.0273743966348 
c: 0.0519998309766 0.235635307567 0.121572925097 
angles: 1.43925627516 1.49126235423 1.54384578265 1.59698465213 1.65067312915 1.70487431356 1.75956534074 1.81471983943 1.87028781155 1.92624372521 1.98255807495 2.03919184281 2.09611749547 2.15333601256 2.2108071059 2.26852227724 2.32645014125 2.38455774474 2.44281312908 2.50118285061 2.55963020485 2.61807112791 2.67647570123 2.73479188112 2.79299116696 2.85111833038 2.90920918036 2.96727730201 3.02535866589 3.0834628137 3.14159041202 
range:3.14159041202 to 4.84392851927 
center: -4.7826795578 6.93833429583 0.0708295740187
a: 0.11194669173 -0.100408665618 0.204034123645 
b: -0.0758455887008 -0.114540828596 -0.0273742464965 
c: 0.352152541964 0.535786756998 0.121572252285 
angles: 3.14159041202 3.19971799055 3.25782204486 3.31590186053 3.37397107181 3.43206160747 3.49018957313 3.54838959708 3.60670516335 3.66510910498 3.72355086142 3.78199779523 3.84036715181 3.89862213171 3.95672948268 4.0146582122 4.07237322037 4.12984520555 4.18706367017 4.2439893673 4.30062317284 4.35693838401 4.41289438601 4.46846260337 4.52361738736 4.57830861005 4.63251008026 4.68619899603 4.73933825049 4.79192196324 4.84392851927 
