range:0-30 
center: -4.49666337044 6.98719481499 0.227859945067
a: 0.330776200149 -0.44488809619 -0.369404703379 -0.0620493661821 0.321790616445 0.0647198290769 -0.0213740298069 
b: -0.00162918429008 0.00198064034989 0.00117690925431 0.000185167812827 -0.000542284352088 
c: 0.392128422027 -0.399463620639 -0.534983994908 0.0415740672241 0.372596709024 0.0639234349098 -0.0677652284951 
angles: 3.2733411693e-06 0.0548600210448 0.109721297991 0.16458977034 0.219474774004 0.274382441816 0.329342561103 0.38436219849 0.439440663526 0.494606484572 0.549813277759 0.60509102251 0.660372496753 0.715672957767 0.770936792955 0.826174608117 0.88133221904 0.936400880884 0.991361210968 1.04618035479 1.10087845614 1.15536695071 1.20972099509 1.26382263298 1.31777818103 1.37145275081 1.42495758548 1.47817345642 1.53120311944 1.58392496628 1.63645715028 1.68869969651 1.7407147741 1.79247686557 1.84397334207 1.89526853506 1.94631814273 1.99718151772 2.04780501397 2.09827030606 2.14858295119 2.19870288945 2.24875823262 2.29867328771 2.34849671717 2.39828457538 2.44798724027 2.49763809852 2.54730050798 2.59692407561 2.6465002065 2.69608273853 2.74565798166 2.7952147643 2.84475427532 2.8942746323 2.94377669232 2.99325904419 3.04271796766 3.09215802616 3.1415888084 3.19101955956 3.24045955117 3.28991833992 3.33939794504 3.38890226405 3.43842227185 3.48796384046 3.53751770634 3.58709483378 3.63667898004 3.68625451072 3.73587758479 3.78553976141 3.83518997931 3.88489436642 3.93468187553 3.98450512873 4.03442198071 4.08447720665 4.13459878486 4.18491158828 4.23537689473 4.28600067395 4.33686440334 4.38791534863 4.43921008418 4.49070769933 4.5424702274 4.59448539944 4.64672876813 4.69926137617 4.75198389043 4.80501382811 4.85823012164 4.9117359418 4.96541102005 5.01936684633 5.07346897827 5.12782336041 5.18231180688 5.23701138857 5.29183078605 5.34679086116 5.40185968541 5.45701856115 5.51225622332 5.56751946601 5.62281961646 5.67810233387 5.73337966113 5.78858551423 5.84375048073 5.89883033592 5.95384918206 6.00881085803 6.06371791384 6.11860260626 6.17347074632 6.2283318801 
