range:7.58783749687e-06 to 1.25950213966 
center: -4.55909768997 6.97749502428 0.3364091977
a: -0.00779568443812 -0.0654890850231 0.0878543017899 0.0301495628996 0.00757816755648 -0.00591854673012 -0.00306410239935 
b: 0.0128053121525 -0.0167676158215 0.00157108586995 -0.000352031648545 -0.000773444423627 
c: -0.194829680634 0.247466118769 0.109076986437 -0.0277242521515 -0.077198401247 -0.00408072929418 0.0152864877426 
angles: 7.58783749687e-06 0.0367155576602 0.0734838903405 0.110310896768 0.147243526101 0.184379791033 0.2215551231 0.259100596764 0.296751802424 0.334754148803 0.373198854224 0.411876248375 0.451156172446 0.490566698411 0.530582837602 0.571160530401 0.611796106198 0.653344628418 0.695324384494 0.738056718745 0.781797192578 0.82576561036 0.870110450925 0.915415076549 0.961759978966 1.00936719445 1.0570530398 1.10584233499 1.15591752494 1.20745627043 1.25950213966 
range:1.25950213966 to 3.14158842688 
center: -4.52701393251 7.0077224393 0.190375966891
a: -0.0702155120249 -0.0121193762518 0.0883756521286 
b: -0.00223685423009 -0.0230563573783 -0.0125307890058 
c: 0.0119445042662 0.1120392925 0.0591089091314 
angles: 1.25950213966 1.3126256802 1.36746037064 1.42356398015 1.48039711348 1.53882018109 1.5984631532 1.65904433272 1.72125912455 1.78412068547 1.84803757416 1.91284067349 1.97802503317 2.04413120296 2.10987862774 2.17640361 2.24256274781 2.30898916121 2.37481857314 2.44068466538 2.50576568787 2.5707814928 2.63516662723 2.69931015903 2.76317244134 2.82661551911 2.88987291323 2.95295851238 3.01591433063 3.07877089399 3.14158842688 
range:3.14158842688 to 5.02368009715 
center: -4.68928781632 7.00772282385 0.190374550079
a: 0.0589923727457 -0.0451853752966 0.0883757918889 
b: -0.0292461186364 -0.0500652372402 -0.0125306748472 
c: 0.139709624302 0.239802995724 0.0591083691118 
angles: 3.14158842688 3.20440303589 3.26726206238 3.33021740564 3.39330234134 3.4565588185 3.52000357737 3.58386424869 3.64800932425 3.71239242714 3.77740983843 3.84248938105 3.9083542194 3.97418464505 4.04061000916 4.10677084987 4.17329477687 4.23904147477 4.30514933107 4.37033215922 4.43513659738 4.49905394193 4.56191583961 4.62413150702 4.68471312552 4.74435691034 4.80278056608 4.85961465476 4.91571893614 4.97055461935 5.02368009715 
