range:0-360 
center: -4.6081510663 6.12895405293 0.101832277155
a: -2.42857832664e-07 -2.78841998971e-08 0.253315234928 1.90557661409e-07 -0.0304233775521 -4.15691588377e-08 0.0245310540201 4.14541799049e-08 0.020892134309 7.10530608741e-08 0.0137363319429 3.39534704258e-08 0.0111937694047 
b: -1.48600771326e-05 0.00178566261802 -1.37385693059e-07 0.000140785691953 -4.00772293489e-08 
c: -0.00251284836163 0.326267532879 -2.56287367776e-08 0.0254237626613 -2.93843133406e-07 0.0484619424174 -9.58783992157e-08 0.0349981570298 -6.85946729978e-08 0.0102116298598 -7.14401848803e-08 0.00287109428831 1.06931542691e-08 
angles: 1.35510474973e-06 0.0778096026645 0.15559671618 0.233364512574 0.311087968193 0.388730985047 0.466233857724 0.543396245045 0.618291028903 0.694300410302 0.770947062117 0.848076098555 0.925612656658 1.00350603597 1.08168394135 1.16007942586 1.23864713441 1.31733684059 1.39611423622 1.47496766145 1.55393480646 1.63304510584 1.71226985286 1.79155073081 1.87087478939 1.95023610198 2.0296233784 2.10904313836 2.188486149 2.26793431875 2.34736758782 2.42676468349 2.50613150605 2.58549630877 2.66487868345 2.74427711464 2.82369494448 2.9031333695 2.98259001127 3.06207448922 3.14159081585 3.2211057447 3.30059029203 3.3800482597 3.45948651502 3.53890411298 3.61830354421 3.69768559395 3.77705130567 3.85641768822 3.93581433439 4.01524830292 4.09469718444 4.1741400992 4.25355989023 4.33294730678 4.41230879611 4.49163360285 4.57091475884 4.65013968798 4.72925044793 4.80821801621 4.88707194142 4.96585015856 5.04454017691 5.12310824746 5.20150392793 5.2796834346 5.35757725712 5.43511298721 5.51224314677 5.58888964462 5.66489869934 5.73979263538 5.8169551776 5.89445793761 5.97210010392 6.04982303355 6.12759163451 6.20537856706 
