range:0-360 
center: -4.60815070868 6.98655685782 0.111360522005
a: -3.58521882301e-07 -1.04529082074e-08 0.165823742289 3.29832289485e-07 0.0038807318015 -1.30514477941e-08 0.0104759580796 2.6705577342e-08 0.0013866832909 1.46877578688e-08 0.000917556109747 6.21677281947e-09 0.00053159716749 
b: 3.14999674117e-05 0.00102927872838 -5.33025626441e-08 4.17188900113e-05 3.84292055091e-09 6.38238942483e-05 -2.45625012925e-08 1.28928004924e-05 -2.01803228418e-08 1.38950530191e-06 -3.150233289e-08 2.47021867683e-06 -3.97011097944e-09 
c: 0.00575212120599 0.187954147898 -1.02409123135e-08 0.00762319947969 -3.87087872295e-07 0.0116540996774 -3.35791812338e-08 0.00235213736403 -3.07561146009e-08 0.000258711871447 -3.22596248627e-08 0.000453992682239 4.12570941e-09 
angles: 3.2733411693e-06 0.0822910626568 0.164590371906 0.246924508155 0.329343776801 0.411890278321 0.494608353831 0.577451291586 0.660375055893 0.743307674339 0.826177852128 0.908896091845 0.991365078663 1.07354487255 1.15537133441 1.23680931827 1.3177829417 1.39823099676 1.47817842658 1.55761676468 1.63646216176 1.71472670977 1.7924817463 1.86965970628 1.94632273476 2.0225308249 2.09827447879 2.17366416522 2.24876188997 2.32358302652 2.39828765853 2.47281426205 2.54730298936 2.62171524754 2.69608460829 2.77044063677 2.84475553086 2.91902985026 2.99325967707 3.06743875889 3.14158880843 3.21573622306 3.28991770707 3.36414713667 3.43842101635 3.51273522668 3.58709296405 3.66146141469 3.73587510346 3.81036513024 3.88489128331 3.95959553713 4.03441832341 4.10951757384 4.18490741559 4.26065124996 4.33685981135 4.41352345133 4.49070281864 4.56845851677 4.6467237567 4.72556988942 4.80500885799 4.88495690925 4.96540625941 5.04638046033 5.12781897676 5.20964558185 5.29182691841 5.37429571198 5.45701531719 5.53988510143 5.62281705736 5.70574177709 5.78858364501 5.87130270004 5.95384796639 6.03626834316 6.11860200472 6.2009031397 
