range:2.43313650594e-06 to 1.45889053847 
center: -4.42774360411 6.76818444652 0.438076485549
a: 0.00728440977335 -0.100566317696 0.00471468986694 -0.132689035793 0.103336500409 0.0457081987211 0.0347533569813 
b: 0.0831771681458 -0.0943558983432 -0.0508414399225 -0.0115306884212 0.0191841251869 
c: 2.14720673509 -2.23882171578 -2.62373746465 -0.0547740038579 1.62369546163 0.258386398897 -0.210945453239 
angles: 2.43313650594e-06 0.0482227503366 0.0964592368128 0.144728042191 0.193028774459 0.241359994748 0.289707723059 0.338024694368 0.386256210078 0.434387711946 0.482431561787 0.530382577558 0.57824575045 0.62604528993 0.673820049206 0.721589536806 0.769369851357 0.817188347608 0.865084846295 0.913085218306 0.961230629192 1.00955128361 1.05809727772 1.10691012052 1.15604392609 1.20554328542 1.25541715105 1.30568199004 1.35634646642 1.40740872516 1.45889053847 
range:1.45889053847 to 3.14159072505 
center: -4.39249270962 6.85711014655 0.00846359882538
a: -0.200948926997 -0.022385790639 0.275101022521 
b: -0.0139851023549 -0.0596141896396 -0.0308585976561 
c: 0.0682151794965 0.288203674712 0.14783215168 
angles: 1.45889053847 1.51080872304 1.56315842008 1.61593799878 1.66912577209 1.72266398548 1.77654663136 1.83076559538 1.88529274334 1.94020251707 1.99552363564 2.05124917994 2.10738538494 2.16392322288 2.2208156946 2.27797609847 2.33533320632 2.39279701179 2.45032926827 2.50790155249 2.56550062167 2.62313339408 2.68079625436 2.73845628953 2.79609311118 2.85368277995 2.91124504226 2.96879966297 3.02636625329 3.08396371655 3.14159072505 
range:3.14159072505 to 4.82429448069 
center: -4.82380897768 6.85711048495 0.00846235815357
a: 0.163180651492 -0.0895724801812 0.275101152093 
b: -0.0907610808881 -0.136389829773 -0.0308584495916 
c: 0.436749676068 0.656736930614 0.147831440951 
angles: 3.14159072505 3.19921656951 3.2568151271 3.31438158243 3.37193596069 3.42949902152 3.48708827706 3.54472466736 3.60238435653 3.66004788822 3.71768023432 3.77527992658 3.83285182935 3.89038476756 3.94784832187 4.00520515197 4.06236540687 4.11925786698 4.17579654016 4.23193357047 4.28765912483 4.34298030963 4.3978896983 4.45241750498 4.50663666946 4.56051953877 4.6140579952 4.66724602756 4.72002598096 4.77237590779 4.82429448069 
