range:0-360 
center: -4.60815074444 6.80605498552 0.117767625302
a: -3.63177046965e-07 -2.3239757379e-08 0.31955087942 3.23654192854e-07 0.0062323176448 2.98278358273e-08 0.0220562358988 2.86537121303e-08 0.0016936443744 -1.74632506551e-08 0.00194318612339 1.0439021781e-08 0.00180501616167 
b: 4.93622446944e-05 0.0020079032938 -1.53161399581e-07 5.99708168595e-05 7.39918776992e-10 
c: 0.00889633955224 0.36658288813 -2.29524841514e-08 0.0115580744437 -4.02624057294e-07 0.0249749632182 -1.57597300469e-08 0.00362777733595 -5.07654751648e-08 0.000966446525472 -3.99235012042e-09 0.000149674277767 -1.0039477404e-08 
angles: 1.78888424617e-06 0.0815198134073 0.163027846325 0.244542306341 0.32612555362 0.407846980718 0.489714444803 0.571683083935 0.653697600308 0.735736090137 0.817790921404 0.899688804645 0.981320555662 1.06271418859 1.14381919781 1.22457611952 1.30498301148 1.38506480794 1.46484954034 1.54429483035 1.62330897912 1.70180869017 1.77974221003 1.85712996568 1.93401891177 2.0104752552 2.08658282033 2.16244638689 2.23813732712 2.31371809986 2.38920412174 2.4645923096 2.53989046367 2.61513507202 2.69035659619 2.76556129755 2.84075962083 2.91596667895 2.99118649051 3.06639839349 3.1415906373 3.2167815664 3.29199463267 3.36721415078 3.44242213985 3.51762001823 3.5928255177 3.66804539823 3.74329076375 3.81858968215 3.89397753023 3.96946337103 4.04504488728 4.12073664634 4.19660024136 4.27270804307 4.34916467479 4.42605399258 4.50344221252 4.58137642982 4.6598765713 4.73889114869 4.81833685022 4.89812191672 4.97820400902 5.05861162063 5.13936816371 5.2204739684 5.30186834688 5.3835000434 5.46539791416 5.54745346045 5.62949145661 5.71150650922 5.79347461273 5.87534249942 5.95706332419 6.03864706182 6.12016123405 6.20167027185 
