range:2.21656964095e-06 to 1.46706558963 
center: -4.40890907472 6.67374726265 0.439545087276
a: -0.377425189745 0.413393839976 0.32173243346 -0.279514431801 -0.14694033429 0.0445439475872 0.104944768436 
b: 0.0989450113871 -0.107688868949 -0.0671296454411 -0.0160319340966 0.024058379374 
c: 2.82759251812 -2.89194010813 -3.4874207953 -0.173050315284 2.12012679763 0.360581310683 -0.254636267399 
angles: 2.21656964095e-06 0.0485968281526 0.0972214783096 0.145889451872 0.194600984145 0.24335344578 0.292135690649 0.340882306691 0.389530461906 0.438078413344 0.486516416004 0.53482886024 0.583037798156 0.631173647862 0.679215847214 0.727190936662 0.77514571925 0.823123581238 0.871165964084 0.919309660223 0.967604933297 1.01610263833 1.06484816706 1.11387407947 1.16321678295 1.21291040371 1.26298619749 1.31343421952 1.36427438164 1.41548499437 1.46706558963 
range:1.46706558963 to 3.14159087747 
center: -4.37250698766 6.77128914864 -0.0316940023894
a: -0.220745761079 -0.0243763062205 0.303593513147 
b: -0.0138635264424 -0.0637075523429 -0.0356039529505 
c: 0.0810675758156 0.316884493926 0.155702602024 
angles: 1.46706558963 1.51896991998 1.57117602042 1.62370693959 1.67653509683 1.72970120733 1.78324236433 1.83717528488 1.89153522059 1.94632732885 2.00154438861 2.05718189711 2.11321040576 2.16958084171 2.22623403095 2.28310347197 2.34010804555 2.39717615245 2.45426732582 2.51136624237 2.56850479613 2.62570735685 2.68295888715 2.74024155996 2.79754441113 2.8548659389 2.91219630136 2.96952892167 3.02686317537 3.08421480896 3.14159087747 
range:3.14159087747 to 4.81611944172 
center: -4.84379471502 6.77128956395 -0.0316952401396
a: 0.180440599332 -0.0944776731776 0.303593637656 
b: -0.102303195072 -0.152146805664 -0.0356037958721 
c: 0.471823533386 0.707639213753 0.155701907999 
angles: 3.14159087747 3.19896587106 3.25631850887 3.31365259729 3.37098501405 3.42831612911 3.48563736039 3.54293988032 3.60022319842 3.65747438098 3.71467658718 3.77181480827 3.82891427789 3.88600507989 3.94307372297 4.00007811469 4.05694815147 4.11360126702 4.16997173855 4.22600096503 4.28163791558 4.3368556534 4.39164788907 4.44600800492 4.49994108887 4.55348249868 4.60664888131 4.65947727894 4.71200840138 4.76421485188 4.81611944172 
