range:0-30 
center: -4.4292124779 6.89734809629 0.304879534629
a: 0.658421654157 -0.824213455022 -0.769895952069 -0.144557414426 0.615634434081 0.131494056319 -0.0405220057811 
b: -0.00298400123404 0.00355067083176 0.00224199420332 0.000300023446814 -0.00103254894105 
c: 0.958586960291 -1.02657303577 -1.2086359297 0.091872016262 0.8380122195 0.13461233685 -0.151423675094 
angles: 2.12789416645e-06 0.0543145911246 0.108630449013 0.162951675046 0.217284278018 0.271638664341 0.326034434992 0.380484605056 0.435004128927 0.489591524115 0.54423573153 0.598915564283 0.653611396517 0.708305799474 0.762983241127 0.817626379808 0.872213617723 0.926719124672 0.981128068014 1.03541384011 1.08956409008 1.14357250367 1.19742393926 1.25111763851 1.30464746645 1.35801571558 1.41123094579 1.46428851904 1.51718833317 1.56991749907 1.62246424875 1.67482014073 1.72697336315 1.77892046096 1.83065893945 1.88219057109 1.93351607216 1.98465375088 2.03561474709 2.08643344886 2.13712103831 2.18768996095 2.23815332732 2.28853979747 2.3388482302 2.38909444002 2.43930218539 2.48946220272 2.53961337734 2.58974595482 2.63988591008 2.69003203938 2.74020352083 2.79038426429 2.84057207024 2.89076574583 2.94095604826 2.99113743083 3.04130354566 3.09145397953 3.14159022539 3.19172646661 3.24187531535 3.29204135219 3.34222411157 3.39241418204 3.44260904662 3.4927965161 3.54297696403 3.5931494184 3.64329502821 3.69343467272 3.74356688728 3.79371918267 3.84387885864 3.89408638849 3.94433365451 3.99464191753 4.04502835719 4.09549174734 4.14606165648 4.19674930098 4.24756817702 4.29852935921 4.34966793129 4.40099305202 4.45252547141 4.50426423765 4.55621159469 4.60836511538 4.66072134021 4.71326839499 4.7659978579 4.81889821899 4.87195610711 4.92517174762 4.97853978302 5.03207034241 5.08576436116 5.13961597115 5.19362436999 5.2477747174 5.30206146927 5.35646940421 5.41097592581 5.46556301805 5.52020708876 5.57488429148 5.62957836865 5.68427513697 5.73895454148 5.79359828796 5.84818648883 5.90270546077 5.95715640696 6.01155043845 6.06590581069 6.12023816477 6.17455923091 6.2288750057 
