range:2.00834266211e-06 to 1.4587697501 
center: -4.40371828695 6.58291422936 0.423598896592
a: -14.0700550642 16.1571554022 14.48464939 -1.2494825514 -9.39930938844 -1.04172741683 1.57949500413 
b: -0.3620079764 0.3441966797 0.389176287407 -0.013083069828 -0.159948758508 
c: -13.0079967708 16.7381254225 11.5945363257 -2.96605538436 -8.7475133609 -0.610726519019 1.84760182725 
angles: 2.00834266211e-06 0.0484529154746 0.0965963094021 0.144364455933 0.191968893134 0.239614931468 0.287401377653 0.335366589524 0.383871587987 0.433009178285 0.482629685878 0.531892739494 0.581088417759 0.630043574709 0.678533307111 0.726475967945 0.773867280217 0.821003886111 0.868166931186 0.915465493984 0.963005978908 1.01083855353 1.05899002955 1.10748007104 1.15635420745 1.20565190342 1.25539455954 1.30558487354 1.35622140792 1.4072820991 1.4587697501 
range:1.4587697501 to 3.14159094912 
center: -4.36558637311 6.68280581505 -0.0589916468297
a: -0.0664238488094 0.0809806590069 0.132417013477 
b: 0.0391758700676 -0.0300903467501 -0.0958791111452 
c: 0.352639201654 0.506767393491 -0.136963808585 
angles: 1.4587697501 1.51069168909 1.56301432228 1.6157370445 1.66883129157 1.72232525434 1.77622581802 1.83058175786 1.88539226878 1.94066604398 1.99637056699 2.05245425433 2.10886558487 2.1655497931 2.222453468 2.27953546359 2.33674224859 2.39400750139 2.45129166104 2.50858823962 2.56593246026 2.62334326303 2.68080648509 2.73831446005 2.79585635488 2.85344415034 2.91106265674 2.96869086737 3.0263157719 3.08394678762 3.14159094912 
range:3.14159094912 to 4.82441512432 
center: -4.85071532957 6.6828063688 -0.0589929009757
a: -0.0565926338604 -0.394317082493 0.132417823609 
b: -0.184846028234 -0.254111691313 -0.0958787293066 
c: 0.0761831555574 0.230310093248 -0.136963337371 
angles: 3.14159094912 3.19923405249 3.25686600825 3.31449075877 3.37211874934 3.42973702864 3.4873255772 3.54486718551 3.60237577261 3.65983768764 3.71724911617 3.77459392015 3.83189011882 3.88917391213 3.94643968341 4.00364618632 4.06072805443 4.11763236983 4.17431721327 4.23072858127 4.28681169519 4.34251690201 4.39779031307 4.45260146108 4.5069576148 4.56085841796 4.61435264042 4.66744711744 4.72017011482 4.77249309988 4.82441512432 
