range:0-30 
center: -4.43347600199 6.17531896407 0.326599441469
a: -2.81925748775 3.36596474992 2.72640461944 -0.621798791718 -1.85108210896 -0.0989062483463 0.460911114559 
b: -0.00455813305489 0.00499629260814 0.00412752377388 0.000709010920978 -0.00189592344986 
c: 0.105708229626 0.345069903743 -0.710511207606 -0.438324141094 0.265005515121 0.201903086719 0.0424385509957 
angles: 1.30791117296e-06 0.0538021746871 0.107608737973 0.161458430119 0.215367186309 0.269289643054 0.323220811171 0.37720532894 0.431333313576 0.485601715181 0.539966301295 0.594410065249 0.648945800066 0.703597082546 0.758420966665 0.813556779045 0.869152626 0.925013850113 0.980820561222 1.03613046559 1.0908073762 1.14497335489 1.19876914711 1.25220692896 1.30529221411 1.35804720992 1.41051353288 1.46274032717 1.51473988491 1.56649620123 1.61801632588 1.66933212924 1.72050598908 1.7716048976 1.82267666592 1.87373071323 1.92475157677 1.97572282878 2.02667180981 2.07757860807 2.12839165984 2.17911870635 2.22979125323 2.28043190895 2.33106636064 2.3817077074 2.43236455724 2.48305038436 2.53375647691 2.58448070915 2.63521038529 2.68593481274 2.73665984914 2.78738867556 2.83811263456 2.88881406704 2.93947563206 2.99008286352 3.04063528251 3.09113318701 3.14159091468 3.19204869164 3.24254669016 3.29309771677 3.34370643266 3.39436795699 3.44506927786 3.49579302435 3.54652160437 3.59724641274 3.6479718748 3.698701291 3.74942518416 3.8001322369 3.85081780749 3.90147443277 3.95211561511 4.00275099323 4.05339156711 4.10406408766 4.15479120321 4.2056051602 4.25651201309 4.30746103762 4.35843243367 4.4094534629 4.46050814729 4.51157973896 4.56267886569 4.61385301986 4.66516913548 4.71668955514 4.76844622359 4.82044600376 4.87267306694 4.92514009065 4.97789544185 5.03098111953 5.08441849012 5.13821466832 5.19238114029 5.24705865488 5.30236810938 5.35817538461 5.41403638671 5.46963250756 5.52476739401 5.579591499 5.63424231683 5.68877771832 5.74322218022 5.79758760802 5.85185550351 5.90598291609 5.9599680509 6.01389895153 6.06782133461 6.12172989881 6.1755793209 6.22938690793 
