range:0-30 
center: -4.37440809127 6.62689630447 0.369532530587
a: 2.34037299901 -2.41783133234 -2.8780124495 -0.531440894806 1.77713553767 0.376306253841 -0.0994640487385 
b: -0.00493028991722 0.00522234034114 0.00429136225144 0.000736198767775 -0.0016822596318 
c: 5.6777849631 -5.79546464377 -6.84244106408 -0.417185326205 4.14304078059 0.729556013214 -0.495021849701 
angles: 1.71906708623e-06 0.0540895894075 0.108163989307 0.162220883165 0.21625342783 0.270258764067 0.324261600807 0.378285996656 0.432350233195 0.486500817136 0.540775231078 0.595156446389 0.649606915309 0.704113412085 0.758622571201 0.813088608999 0.867500917127 0.921840138008 0.976080045411 1.03020403896 1.08419823167 1.1380510241 1.19176461867 1.24532725889 1.29874004261 1.35198784901 1.40508199993 1.45802933286 1.51082086811 1.56344652166 1.61588036106 1.66810141326 1.72009345523 1.77186081506 1.82344708371 1.87489229603 1.92621550977 1.9774206732 2.02851448224 2.07950378077 2.13040036185 2.18120927184 2.23194488944 2.28263823227 2.33332046977 2.38399032266 2.43462435158 2.485197864 2.53572153662 2.58622736894 2.63673878968 2.68725592233 2.73776434421 2.78825681438 2.83873447984 2.88920170441 2.93966690541 2.99013989203 3.04062024765 3.0911050351 3.14159078975 3.19207536779 3.24256008554 3.29304145878 3.34351424532 3.39397927596 3.44444630948 3.49492379125 3.54541715339 3.59592639817 3.64644318941 3.69695431373 3.74745989474 3.79798432328 3.84855770227 3.89919156073 3.94986125059 4.000544162 4.05123824437 4.10197378609 4.15278270974 4.20367934756 4.25466875669 4.30576271727 4.35696858773 4.40829195322 4.45973738005 4.51132388135 4.56309146651 4.61508378951 4.66730512904 4.71973923402 4.77236514954 4.82515700674 4.8781045596 4.93119891576 4.98444690885 5.03786035331 5.09142319785 5.14513696415 5.19898989273 5.25298340738 5.30710816156 5.3613480192 5.41568727806 5.4700994009 5.52456623298 5.57907599195 5.63358142505 5.68803242036 5.74241303473 5.79668878017 5.8508388563 5.90490361155 5.95892768723 6.01293024216 6.06693647043 6.12096897364 6.17502478122 6.22910021989 
