range:0-30 
center: -4.38855638812 6.35604258507 0.360700311199
a: 3.47096458421 -4.55931821486 -3.14899754676 0.679316611238 2.46169213701 0.191968676357 -0.451723192529 
b: 0.00327152593152 -0.00104702698606 -0.00520337812704 -0.0006751340523 0.00125406949201 
c: -1.2075572191 2.1877011971 0.662573598295 -0.612543409035 -1.05241590883 -0.0807562827291 0.294818718231 
angles: 1.04308128357e-06 0.0553901755036 0.110987502976 0.167271434071 0.224348656533 0.280464540521 0.336511533032 0.392655686383 0.448982125137 0.505522303764 0.562167164505 0.618798412691 0.675373302306 0.7319077467 0.788411284733 0.844828964815 0.90103658681 0.957024265681 1.01285222251 1.06864831308 1.12447085436 1.18026032313 1.23598817473 1.2916239 1.34695092677 1.4015653566 1.45506071084 1.50754420513 1.55888510852 1.60546283557 1.6558703257 1.71673295069 1.77004492943 1.82225288488 1.87416828758 1.92579341749 1.97700198157 2.02769146114 2.07787569176 2.12764489803 2.17699116093 2.22588083458 2.27436566653 2.32255520967 2.37049659021 2.41832954087 2.4662047469 2.51416842333 2.56220641183 2.61035210201 2.65863497417 2.70701937167 2.75547231423 2.80395809075 2.85245754163 2.90093911158 2.94935162577 2.99763408681 3.04575175237 3.09371676896 3.14159108295 3.18946543863 3.23742913764 3.28554692206 3.33383078114 3.38224192935 3.43072465504 3.47922394016 3.52770943406 3.57616331212 3.62454737192 3.67282996144 3.72097530954 3.76901415753 3.81697762778 3.86485371577 3.9126865242 3.96062793056 4.00881747967 4.05730336759 4.10619218637 4.15553943116 4.20530868614 4.25549298397 4.30618193861 4.35739070587 4.4090165226 4.46093207699 4.51314021516 4.56645237887 4.62731519722 4.67772295024 4.72430089053 4.77564205237 4.82812569566 4.88162132841 4.93623605373 4.99156277308 5.04719906705 5.10292699277 5.15871647295 5.21453963037 5.27033560975 5.32616352062 5.38215120224 5.43835965537 5.49477725856 5.55128063818 5.60781491087 5.66438961466 5.72102170193 5.77766523272 5.83420614223 5.89053315154 5.94667696035 6.00272371075 6.05883976539 6.11591719114 6.1722004893 6.22779734789 
