range:0-30 
center: -4.39438721441 6.8072979681 0.344749401173
a: 0.873619052677 -1.05220415351 -1.04525521442 -0.207030503136 0.797640462614 0.172008710087 -0.0504412393144 
b: -0.00365237507353 0.00426673794298 0.00280767861153 0.000398160224185 -0.00124911536552 
c: 1.35182027067 -1.4482624656 -1.67997624457 0.096141607812 1.14834594141 0.185728345114 -0.196994896643 
angles: 1.83695722896e-06 0.0543475250197 0.10869069778 0.163028148036 0.217367296909 0.271725321822 0.326126111083 0.380590571522 0.435122107145 0.489715278789 0.544353063193 0.599020292644 0.653698725326 0.708385464595 0.763093169619 0.817792337943 0.872419461762 0.9269318755 0.98132223338 1.03561059412 1.08978697993 1.14382108637 1.19769875599 1.25141981787 1.30498504872 1.35840778262 1.41168913079 1.46485166774 1.51785739812 1.57068957046 1.62331113571 1.67570280034 1.72784983989 1.77974431238 1.83139570521 1.88281669739 1.9340208752 1.98503682498 2.03588086868 2.08658458109 2.13718156229 2.18769327006 2.23813885053 2.28853962903 2.33889415277 2.38920539334 2.43947572886 2.4897035632 2.53989147285 2.59005900813 2.6402111595 2.69035733792 2.74049466181 2.79062749313 2.84076009538 2.89089597886 2.94103934404 2.99118670057 3.04133012589 3.09146510062 3.14159058313 3.19171605864 3.24184970406 3.29199431555 3.34214152943 3.39228464071 3.44242156077 3.49255261288 3.54268639371 3.59282467536 3.64296932136 3.6931223735 3.74328965986 3.79347845127 3.84370605898 3.89397617217 3.94428828924 3.99464261284 4.04504328815 4.09548881903 4.14600139387 4.19659841806 4.24730226913 4.29814646687 4.34916266487 4.40036758383 4.45178836452 4.50344008255 4.55533513482 4.6074824566 4.65987440773 4.71249625867 4.76532866172 4.81833473671 4.87149750671 4.92477907288 4.97820200566 5.0317678496 5.08548913569 5.13936632733 5.19340113218 5.24757763702 5.30186673685 5.35625712014 5.4107695839 5.46539657707 5.52009558177 5.57480298845 5.62949041852 5.68416852409 5.73883538545 5.79347386981 5.84806775054 5.90259879391 5.95706285974 6.01146430712 6.06582208534 6.12016102747 6.17449952367 6.22884148323 
