range:0-360 
center: -4.60815100074 6.26451541781 0.130848962357
a: -2.59407118979e-07 -2.02902705859e-08 0.30046407423 2.38800248896e-07 0.00865470422119 -1.47257186376e-08 0.0260914899136 1.33624877822e-08 0.000424079310413 6.38039197361e-09 -0.000352764675149 2.70282902354e-08 0.00249359392761 
b: 8.15912011159e-05 0.00193055912775 -1.46759111717e-07 0.00011571869381 -5.27959993283e-08 0.000142169006301 -4.11992459302e-08 6.60000123857e-05 -2.83243123534e-09 1.63974607077e-06 -6.93985407136e-09 5.01167572788e-05 -1.96609912799e-08 
c: 0.0148984566453 0.352518842085 -1.97115004851e-08 0.0211315207891 -2.79098044578e-07 0.0259647821528 -5.43586747894e-08 0.0120591234502 -2.41164698959e-08 0.000295622184957 -6.20160024018e-08 0.00914736539003 2.58148296798e-08 
angles: 1.18761413367e-06 0.0831861464322 0.166586673165 0.250302085889 0.334061823806 0.418232683511 0.503042196848 0.587992744844 0.672761938417 0.757150870418 0.841102926046 0.924604862643 1.00811163314 1.09185864802 1.17559693096 1.25944476697 1.34333076718 1.42641934342 1.50782497984 1.5875442185 1.66583986388 1.74291771273 1.81917781581 1.89526280794 1.97114568296 2.04625056396 2.12055615998 2.19417552289 2.26735134485 2.34020529825 2.41290549952 2.48554688253 2.55823518985 2.63109319884 2.70416785684 2.77744978248 2.85085551477 2.92416240862 2.99704925027 3.06946238184 3.14159099795 3.21371819853 3.28613305244 3.3590200799 3.43232692072 3.50573221199 3.57901362319 3.65208906916 3.72494656257 3.79763568658 3.87027682125 3.94297792884 4.01583281671 4.08900766847 4.16262715329 4.23693298774 4.31203877324 4.38792184393 4.46400710661 4.54026749582 4.61734591392 4.69564180456 4.77536138761 4.8567671889 4.93985635911 5.02374263109 5.1075904974 5.19132948205 5.27507634327 5.3585828025 5.44208560381 5.52603756872 5.61042639114 5.69519543143 5.78014576771 5.86495579602 5.94912690657 6.03288646413 6.11660151005 6.20000161355 
