range:0-360 
center: -4.60815075636 6.89630627036 0.114622800925
a: -3.55803531093e-07 -6.65232748892e-09 0.267714258748 3.06131633109e-07 0.00500401527978 -1.8739110095e-08 0.0179521235005 5.68223139362e-08 0.00139119066539 4.45161320099e-08 0.00257426471556 -9.72884576152e-09 0.00109448047638 
b: 4.04866878508e-05 0.00168301951192 -1.46082810556e-07 5.35719023411e-05 4.23911220187e-09 0.000118578249455 2.73993146993e-08 1.84723715624e-05 -1.0647871852e-08 6.17663354335e-06 -2.58515987964e-08 5.11133522689e-06 -5.37147754384e-09 
c: 0.00739299769096 0.307325557194 -6.58187326912e-09 0.00978067265863 -4.05534069237e-07 0.0216586650815 -3.23579913146e-08 0.00337888770883 -4.28264535446e-08 0.00112969765157 -7.52775807202e-09 0.00092792688246 5.33390062591e-09 
angles: 2.15072853001e-06 0.0814716966793 0.162950911961 0.24445722349 0.326032868847 0.407734241407 0.489589092228 0.571568532834 0.653608040277 0.735639872304 0.817622107279 0.899469514959 0.981122959343 1.06250298007 1.14356671331 1.22428684617 1.30464118844 1.38464417796 1.46428195114 1.54357205623 1.62245758697 1.70092098811 1.77891392725 1.85644171304 1.93350989841 2.01015101855 2.08642783675 2.16240610188 2.23814841479 2.31368837859 2.38909031238 2.46438210445 2.53961007721 2.61481194425 2.69002957224 2.76529087608 2.84057041684 2.91586101475 2.99113658493 3.06638091302 3.14159019937 3.21679946669 3.29204214688 3.36731900312 3.44261065039 3.51788975674 3.59315183786 3.66836749979 3.74357014226 3.81879897712 3.89409047461 3.96949343047 4.0450332332 4.12077659528 4.19675488304 4.27303193781 4.34967408288 4.42674257886 4.50427075828 4.58226413904 4.6607279987 4.73961406891 4.81890479351 4.89854312348 4.9785460772 5.05890134723 5.13962178647 5.22068558759 5.30206661034 5.3837200802 5.46556732859 5.54754917761 5.62958176656 5.71162202156 5.79360076336 5.87545479605 5.9571580175 6.03873307572 6.12023897303 6.20171798098 
