range:1.35042672524e-06 to 1.45963103852 
center: -4.48218467159 6.09815149922 0.264318397209
a: -8.11404679137 7.93033697466 9.55829421734 0.874896179556 -5.15454560855 -0.819944449937 0.463303451409 
b: 0.145313740917 -0.283329371582 -0.01826596127 0.0819434840118 0.0790856397979 
c: -50.8493466058 55.292365266 55.5201917872 0.584233409939 -34.017220029 -4.79571646975 4.35607496401 
angles: 1.35042672524e-06 0.0500706157655 0.100066025527 0.149867719504 0.198963009417 0.2449398883 0.288938869605 0.333378908805 0.378019351344 0.422616224421 0.467222441463 0.511950769266 0.556924804477 0.60231888164 0.648258213999 0.694936300704 0.742369757698 0.790542840109 0.83940226309 0.88882890016 0.938846750105 0.989387454724 1.04042071923 1.09185284414 1.14367494547 1.19581588358 1.24824921882 1.30085552685 1.35361316269 1.40650352048 1.45963103852 
range:1.45963103852 to 3.14159070285 
center: -4.42428451969 6.16993230389 -0.0824647810265
a: -0.202663115372 -0.0409849701467 0.256579458854 
b: -0.0722589029755 -0.0848475442489 0.0433997476245 
c: 0.512521669426 0.522951025002 -0.380986820955 
angles: 1.45963103852 1.51312127401 1.56699589302 1.62123806797 1.6757224509 1.7303301995 1.78503778088 1.83986054057 1.89475357823 1.94969152818 2.00477345421 2.06012711865 2.1157434467 2.17158677243 2.22761875819 2.28380903972 2.34013448938 2.39657991936 2.45312569188 2.509785992 2.56656791204 2.62347467649 2.680485717 2.73756496339 2.79471019561 2.85196458117 2.90941397041 2.96711719391 3.02507708709 3.08325959862 3.14159070285 
range:3.14159070285 to 4.8235540776 
center: -4.79201750601 6.16993251924 -0.0824654048925
a: 0.165887074661 -0.0401677663904 0.25657945726 
b: 0.0235483014258 0.0109598755043 0.0433995607288 
c: -0.34800689001 -0.337578158389 -0.380985142283 
angles: 3.14159070285 3.19992188379 3.25810288596 3.31606454993 3.37376630226 3.43121574557 3.48847001747 3.54561776952 3.6026966403 3.65970739213 3.71661390527 3.77339676347 3.83005674694 3.88660221464 3.94304741101 3.99937372168 4.05556382837 4.11159564753 4.16743983015 4.22305533427 4.27840903643 4.33349170854 4.38842965214 4.44332325724 4.49814572927 4.55285352405 4.60746171812 4.66194614208 4.71618860362 4.77006352613 4.8235540776 
