range:0-30 
center: -4.45950771147 6.13004905947 0.301784232018
a: 22.1674556379 -24.0607823987 -24.7684072138 -0.675742408631 15.4937458409 2.42436460648 -2.02115444639 
b: -0.0174806706324 0.0181997343604 0.0167692089816 0.000475647163409 -0.00753539857576 
c: 30.9145496315 -34.4854171194 -33.5690722483 0.820046373743 21.5799481016 2.98383259537 -3.28984378393 
angles: 1.37389999144e-06 0.0518872306363 0.103762152148 0.155630178219 0.207490377235 0.259336226543 0.311157174148 0.362943582748 0.414681518581 0.466346558124 0.517878110119 0.569010675693 0.618515758025 0.669135833671 0.720088406281 0.771270593348 0.822662080953 0.874241682969 0.925990990058 0.977891181813 1.02993137336 1.08208608049 1.13433112754 1.18665937797 1.23905313823 1.29150203454 1.34399081341 1.39651262704 1.44906873095 1.50166288164 1.55431741325 1.60703456663 1.65980831194 1.712624773 1.76546296135 1.81831955001 1.87119561355 1.92408820847 1.97699104227 2.02990661207 2.0828367487 2.1357780089 2.18872897143 2.24168135713 2.29463134662 2.34756940246 2.40049185169 2.45339889374 2.50629494809 2.55918976615 2.61209290319 2.66500405142 2.71792141917 2.77084688641 2.82378057211 2.87672366862 2.92967508322 2.98263403501 3.03560661133 3.08859222684 3.14159079136 3.19458940598 3.24757508252 3.30054622129 3.35350656845 3.40645786373 3.45940084262 3.51233439343 3.56525967863 3.61817813445 3.67108911769 3.72399202905 3.77688782556 3.82978357483 3.88269034615 3.93561248601 3.98855130114 4.04150115924 4.09445433305 4.1474043778 4.20034644409 4.25327663331 4.30619229011 4.35909521186 4.41198795573 4.46486423526 4.51772108714 4.57055983159 4.62337629216 4.67615035491 4.72886784345 4.78152272334 4.83411710056 4.8866735644 4.93919554097 4.99168509104 5.0441341988 5.09652822988 5.14885667247 5.20110182813 5.25325682036 5.30529839131 5.35719897589 5.40894729816 5.46052906796 5.511919678 5.56310084792 5.61405358088 5.6646740322 5.71417816276 5.7653100828 5.81684251811 5.86850661457 5.92024505479 5.97203093662 6.02385265507 6.075698174 6.12755821068 6.17942611168 6.23130089137 
