range:0-360 
center: -4.6081507802 6.71578345299 0.117201141818
a: -3.76019949675e-07 -1.76504740123e-08 0.344531169932 3.38493507743e-07 0.00570644844103 3.46700185438e-09 0.0240469678073 4.02058213101e-08 0.00191945341082 1.32750798902e-08 0.00142605280897 -5.70174472795e-09 0.00184013060181 
b: 4.59245809487e-05 0.00215951615421 -1.2166852196e-07 5.6454577914e-05 5.81765484604e-09 
c: 0.00828012230798 0.394283203078 -1.75556521709e-08 0.0108513219103 -4.12432604871e-07 0.0257043700037 -3.13386932171e-08 0.00322019600499 -3.37533440644e-08 0.000220522343561 -1.53076142125e-08 -0.000517126404874 1.06833333634e-09 
angles: 1.77361380181e-06 0.08116187959 0.162295350018 0.243419014427 0.324602414631 0.405878747757 0.487253189343 0.568721693266 0.650261358777 0.731838882978 0.813396833241 0.894841945892 0.976098781471 1.05710829664 1.13783489318 1.21828853731 1.29849800814 1.37845266941 1.4581102531 1.53740534146 1.61628367986 1.69471842155 1.77269220989 1.85021344556 1.92730430582 2.00402814826 2.08045336843 2.15665256602 2.23269590185 2.30865110506 2.38455268847 2.46039975989 2.53618384198 2.61191853883 2.68762372023 2.76330350462 2.8389584278 2.91460575988 2.99026457224 3.06593022393 3.14159070586 3.21725114152 3.29291664843 3.36857517713 3.44422219098 3.51987793817 3.59555733675 3.67126212467 3.74699750738 3.82278227375 3.8986290634 3.9745312722 4.05048715419 4.12653044425 4.2027296842 4.27915509296 4.35587976298 4.43297090637 4.51049247426 4.58846665342 4.666901813 4.74578056877 4.82507605827 4.9047340576 4.98468900405 5.06489916033 5.14535237607 5.22607973323 5.30708926881 5.38834687831 5.46979191664 5.55135043301 5.63292760259 5.7144667708 5.79593568035 5.87731060273 5.95858634383 6.03977025724 6.1208936221 6.20202806607 
