range:0-30 
center: -4.48255129783 6.08472881009 0.267859135184
a: -11.8094808517 10.8973148637 14.6285222682 2.2010079414 -7.59992510063 -1.42322789603 0.50431639495 
b: -0.0131025193093 0.0177074846727 0.00864006970714 -0.00290769285775 -0.0059649943602 
c: -71.9084400544 75.9541631586 80.6959516716 3.48693575663 -48.0209652627 -7.28988408379 5.58675307588 
angles: 1.10760843361e-06 0.0493436645142 0.0986448468166 0.147864664209 0.196959511124 0.245792256367 0.293945095714 0.3229005065 0.366138607868 0.409899948246 0.45408340732 0.498652324635 0.543681284415 0.589256856165 0.635519001537 0.682611992234 0.730575223167 0.77941245807 0.828948787372 0.879028422902 0.929595727874 0.980594475712 1.03204147333 1.08393049962 1.13623286405 1.18890418865 1.24177587968 1.29507117439 1.34895275288 1.40314923797 1.45755694012 1.51226341188 1.56732930713 1.62270197307 1.67828014475 1.73406360333 1.79010976349 1.84640472826 1.90285969536 1.95943504631 2.01608431969 2.07276658625 2.12941183727 2.18598714322 2.24247833692 2.29874169274 2.35472723572 2.4105607413 2.46643846553 2.52240866131 2.57843338425 2.63447842081 2.69052508671 2.74659821482 2.80275086324 2.85900239141 2.91534052932 2.971753858 3.02825479206 3.08487223731 3.14159104523 3.1983099141 3.25492593226 3.31142837538 3.367841635 3.42417966908 3.48043109311 3.53658362687 3.59265655609 3.64870426685 3.704747782 3.76077344858 3.81674351093 3.87262222718 3.92845539455 3.9844414875 4.04070351418 4.09719625471 4.15377136107 4.21041647203 4.26709865645 4.32374793944 4.38032334832 4.43677892749 4.49307359356 4.54911999448 4.60490367158 4.66048209887 4.71585498625 4.77092119511 4.82562792292 4.88003588796 4.93423257308 4.98811431737 5.04141056113 5.09428155197 5.14695392649 5.19925635221 5.25114542727 5.3025937532 5.3535925852 5.40415995922 5.45423941002 5.50377757274 5.55261308335 5.60057856789 5.64766988063 5.69393203924 5.73950790897 5.78453933215 5.82910838909 5.87329222541 5.91705164696 5.96028996892 5.98924208616 6.03739553381 6.08622867842 6.13532320163 6.18454284199 6.23384494483 
