range:0-360 
center: -4.60815101266 6.35479770303 0.133369526814
a: -2.68263890082e-07 -2.57531394819e-08 0.320116496801 1.98402737893e-07 0.0104045054067 -3.04030744912e-08 0.0173438468598 1.13833301091e-08 0.000270941936319 -3.52251019187e-08 0.00662153508723 4.75828064987e-09 -0.000764748154348 
b: 9.04155447692e-05 0.00201255465803 -1.57986702786e-07 0.000115212462532 -2.47766958305e-08 
c: 0.0163205736816 0.367268807865 -2.81091441464e-08 0.0221464178534 -3.39269132424e-07 0.0298367680552 -8.63076572444e-08 0.011499318297 -1.24691860662e-07 0.00598692392538 -1.43824108163e-07 0.0120508292132 -9.02823683678e-08 
angles: 1.05514532132e-06 0.0831581322848 0.167297115465 0.252473075363 0.336568068595 0.420863865479 0.505608851807 0.590591870257 0.675491729015 0.760297722315 0.844977659001 0.929216143016 1.01302675279 1.09674266355 1.18045835475 1.26403573851 1.34716978921 1.42868609464 1.507768274 1.58168748168 1.65607071303 1.74389797317 1.82247160175 1.90024242877 1.97721210577 2.05303882003 2.12783770326 2.20167534355 2.27453336913 2.34670734684 2.41846708777 2.49029963599 2.56231423768 2.63457533365 2.70709982248 2.77977988584 2.85251217251 2.92520058201 2.99766255317 3.0697654283 3.14159106537 3.21341678413 3.28551842205 3.35798045539 3.43066999252 3.50340318021 3.57608283151 3.6486068566 3.72086745564 3.79288394144 3.86471614243 3.93647570874 4.008649753 4.08150791321 4.15534660577 4.23014483864 4.30597179911 4.38294229664 4.46071335094 4.53928725828 4.62711480739 4.70149841052 4.77541798665 4.85450048534 4.93601720082 5.01915149403 5.10272897635 5.18644463951 5.27016109935 5.35397255611 5.43821098514 5.52289079827 5.60769651088 5.69259606356 5.77757871274 5.8623241106 5.94662045369 6.03071521727 6.11589153737 6.200029598 
