range:0-360 
center: -4.60815081 6.53521834016 0.112143260846
a: -3.94074777824e-07 -1.48557146673e-08 0.355153145251 3.72774877194e-07 0.00198656844383 2.67461153599e-08 0.0128056497773 2.57717755075e-08 0.00548098449246 2.16955468836e-09 0.00534080527681 -1.29910181946e-08 -0.00709007374178 
b: 2.54745067985e-05 0.00211898991217 -1.43519637339e-07 3.9901596587e-05 -2.21867690463e-08 0.000103881304433 -9.28939524173e-09 -8.85610964474e-07 3.401725376e-08 4.58699803449e-06 2.76553064155e-08 8.13370652785e-06 2.40592532857e-08 
c: 0.00465169540476 0.386932157081 -1.41500009241e-08 0.00728422620385 -4.14059799814e-07 0.0189711450179 -1.13002390006e-09 -0.000167587942824 -1.83897660435e-08 0.000836516746004 2.95504723002e-08 0.00148000078481 -2.38485575737e-09 
angles: 1.71790420107e-06 0.0800642122694 0.160432328666 0.240767439343 0.320894340829 0.400961844926 0.481154180492 0.560940119651 0.640930445749 0.721105065159 0.801399199738 0.881721548694 0.961962642988 1.04206886697 1.12202147827 1.20180031428 1.2813672499 1.36068400805 1.43971846395 1.51631717736 1.59443025483 1.67210927532 1.75001463186 1.83086676817 1.90885893063 1.98656765782 2.06406969447 2.14144980174 2.21872846524 2.2959021829 2.37299222791 2.44996927764 2.52681804092 2.60363152051 2.68049923531 2.7573810387 2.83424086738 2.91108276538 2.98792093161 3.06475522239 3.14159061175 3.21842593718 3.29526007655 3.37209797099 3.44894075152 3.52579910732 3.60268278664 3.67954987336 3.75636383841 3.83321239256 3.91018935533 3.98728014259 4.06445373113 4.14173318576 4.2191133057 4.29661555332 4.37432459726 4.45231756452 4.53317005343 4.61107571677 4.68875513406 4.76686860907 4.8434677943 4.92250264314 5.00181974897 5.08138697262 5.16116594674 5.2411193952 5.32122491485 5.40146674878 5.48178887012 5.5620843673 5.64225803417 5.72224979487 5.80203456698 5.88222828334 5.96229523596 6.04242132208 6.12275663327 6.2031254439 
