range:0-360 
center: -4.6081510365 6.17417206168 0.117164345918
a: -2.63835433316e-07 -4.68315313973e-08 0.271826192441 2.27593211294e-07 -0.0098487224199 2.81495133159e-08 0.0351135979644 7.20143853521e-08 0.0171464302871 2.15749362459e-08 0.00329022114549 -4.36434398009e-08 -0.000920172608186 
b: 4.08938502654e-05 0.00187512335981 -6.11397002782e-08 0.000127363100271 3.21826594927e-08 
c: 0.00712207079127 0.3421459793 -4.58321047746e-08 0.0240746480226 -2.99473361103e-07 0.0351705059157 -6.75200683579e-08 0.0167374656653 1.20357913531e-10 -0.00320679848314 -2.08199946471e-08 0.000657128549914 3.64482604961e-08 
angles: 1.31265613708e-06 0.0807042109095 0.161458437102 0.242327622508 0.323220820597 0.404249261606 0.48560172737 0.567178598905 0.648945815481 0.730985282266 0.813556798231 0.89706441276 0.98082058547 1.0635311236 1.14497338175 1.22552104526 1.30529224114 1.38431286616 1.46274035281 1.54064836472 1.61801634914 1.69493210921 1.77160491783 1.84820690863 1.92475159396 2.0012005014 2.07757862224 2.1537642728 2.22979126429 2.30575094375 2.38170771539 2.45770450594 2.53375648199 2.60984471711 2.68593481504 2.76202407592 2.83811263409 2.91415079978 2.99008286018 3.06589031925 3.14159090831 3.21729010861 3.29309770804 3.36903121286 3.44506926702 3.52115748105 3.59724639988 3.67333737266 3.74942516928 3.82547796521 3.90147441583 3.97743203975 4.0533915481 4.12941942058 4.2056051394 4.28198333767 4.35843241151 4.43497735065 4.5115797157 4.58825288835 4.66516911147 4.74253752711 4.82044597995 4.89887390033 4.97789541941 5.05766660141 5.13821464866 5.21965755307 5.30236809416 5.38612472669 5.46963249774 5.55220384369 5.63424231099 5.7160101156 5.79758760541 5.87893929367 5.959968051 6.04085984055 6.12172990129 6.20248490639 
