range:0-30 
center: -4.37861188766 6.53654312318 0.354063832712
a: -3.42827745137 3.36976980787 4.18938674173 0.262360935761 -2.4424326768 -0.431817622783 0.368695208944 
b: 0.00608204860269 -0.00466485318653 -0.00758831673713 -0.000220425698272 0.00274226704429 
c: 3.43883895467 -1.77804962755 -5.51075119069 -2.06124756766 2.02949179327 0.634939899539 0.231460279384 
angles: 1.70538565589e-06 0.0533524648667 0.106840637627 0.16044758265 0.214022933719 0.267525025203 0.320924993232 0.374326266217 0.427713740996 0.481199263969 0.534334654107 0.587660383002 0.64098767867 0.694423343843 0.747930650523 0.801471726163 0.855027807302 0.908566285436 0.96205080684 1.01547606433 1.06883406657 1.12212285586 1.17533462476 1.22845602332 1.28147848298 1.33438898471 1.38717516851 1.43983496987 1.49003377285 1.54257199045 1.59453573698 1.64634272243 1.69814514645 1.75011311133 1.80481689453 1.85701573608 1.90896481105 1.96079540991 2.01252087323 2.06416697292 2.11576148602 2.16731299454 2.21881480871 2.27027029024 2.32168550359 2.37306600062 2.42439475245 2.4756611497 2.52687742256 2.57807740029 2.62929712655 2.68054367064 2.7317954337 2.78303801492 2.83427066348 2.88549424881 2.9367162645 2.98793585234 3.03915385103 3.09037130009 3.14159062709 3.19280871634 3.24402729788 3.29524518628 3.34646461009 3.39768645391 3.4489109851 3.50014228313 3.55138579614 3.60263837963 3.65388451145 3.70510372721 3.75630448354 3.80752055931 3.85878691472 3.91011560693 3.96149695249 4.01291201537 4.06436740855 4.11586923912 4.16742149772 4.21901604406 4.27066226644 4.32238790853 4.37421872884 4.42616847576 4.47836734599 4.53307158013 4.58503988503 4.63684240084 4.68864965305 4.74061361841 4.79315220604 4.84335128408 4.89601136467 4.94879776543 5.00170850611 5.05473113522 5.10785271612 5.16106455453 5.21435342174 5.26771218714 5.32113673247 5.37462203363 5.42816126539 5.48171632237 5.53525805549 5.58876484605 5.64220077774 5.69552944155 5.74885438684 5.80198945686 5.85547582667 5.90886335877 5.96226455515 6.01566436508 6.06916713523 6.12274135026 6.17634856975 6.2298367386 
