range:1.75049008794e-06 to 1.47483331099 
center: -4.40195606601 6.4903679817 0.415932444315
a: -3.65640061389 3.98483520468 3.91355757346 -0.253185299117 -2.36952517444 -0.279619953179 0.404266955681 
b: -0.335197705685 0.285115109839 0.387352188802 0.00780944083163 -0.141448185329 
c: 2.95741321052 -1.30196542173 -5.01821781505 -2.03670472879 1.77178286655 0.596392187132 0.232964266235 
angles: 1.75049008794e-06 0.0497903999922 0.0990976822741 0.147647755654 0.196185146431 0.24509575671 0.294122206527 0.343247739815 0.392442888129 0.441657872237 0.490824961756 0.539869809974 0.588764646572 0.637475973897 0.686035883721 0.734527494671 0.78301820358 0.831509069531 0.880008498353 0.928548926444 0.977107755007 1.02572653971 1.07454656124 1.12357515962 1.17280903853 1.22227694913 1.27202229352 1.32210353906 1.372567459 1.42347378563 1.47483331099 
range:1.47483331099 to 3.14159094132 
center: -4.36417045901 6.59241165653 -0.0770551995526
a: -0.164460855642 0.0142277789555 0.235669875855 
b: 0.0286522230618 -0.0363033530343 -0.0845629694945 
c: 0.163817974146 0.378202738829 0.0753795623051 
angles: 1.47483331099 1.5266695 1.57895736106 1.63159532638 1.68448468168 1.73801496259 1.80342631368 1.84744941723 1.90180379197 1.95656600135 2.01149228655 2.06664259046 2.12209682849 2.17785515319 2.23386366668 2.29004891392 2.34637611631 2.40278125381 2.45922341418 2.51576584475 2.5724654289 2.62926042413 2.68607085125 2.74288542249 2.7997427576 2.85666204316 2.91362909692 2.97061742906 3.02760804569 3.08459664671 3.14159094132 
range:3.14159094132 to 4.80835175045 
center: -4.85213122829 6.59241204108 -0.0770564470141
a: 0.0756097454287 -0.233662389277 0.235670300311 
b: -0.172639403201 -0.237594594757 -0.084562624829 
c: 0.372140778381 0.586524295599 0.0753792056018 
angles: 3.14159094132 3.19858520963 3.25557371538 3.31256312679 3.36955227168 3.42652011178 3.48343916823 3.5402962251 3.59711141623 3.65392134919 3.71071600773 3.76741536647 3.82395846194 3.88040031555 3.93680590594 3.99313368971 4.04931803211 4.10532647258 4.16108550842 4.21653981519 4.27169075519 4.32661654222 4.38137939399 4.43573389978 4.4797574471 4.54516880368 4.59869930037 4.65158902418 4.70422714401 4.75651530398 4.80835175045 
