range:1.29331435038e-06 to 1.54717469538 
center: -4.40557733659 6.30885877917 0.383287232249
a: 4.96944923868 -6.00526724055 -5.03983236618 0.408128942115 3.57737007649 0.42569463187 -0.577954695845 
b: 0.128873542414 -0.169868459684 -0.0783999570239 0.00214620429123 0.0463634901181 
c: 0.205263162919 -0.561011423971 -0.0351517244138 0.597087353958 0.319058509147 -0.0570141389188 -0.200327064948 
angles: 1.29331435038e-06 0.0525524303427 0.105084286101 0.157551967716 0.209952968439 0.262280234669 0.314548431107 0.366738148093 0.418797320005 0.47071700648 0.522514829621 0.574217494062 0.625844539636 0.677401392191 0.728893010565 0.78032751283 0.831703871515 0.883027080786 0.93431235295 0.985558034528 1.03673784992 1.087843057 1.13887000574 1.18983603834 1.24076386463 1.29167123298 1.34256592218 1.39348092482 1.44448767224 1.49569212081 1.54717469538 
range:1.54717469538 to 3.14159129538 
center: -4.3903715226 6.40323769662 -0.0726706267996
a: -0.301324535564 -0.0868228045682 0.385091462794 
b: -0.0416167058212 -0.0752693376493 -0.00445663728376 
c: 0.0621384116147 0.265854187493 0.166964972673 
angles: 1.54717469538 1.59894105659 1.65199116171 1.70436872619 1.75625319728 1.80783367634 1.85750181897 1.90929012182 1.96128491066 2.0134857624 2.06589786793 2.11851900512 2.17132094843 2.22429023023 2.2774406571 2.33078607929 2.38430043682 2.43794963385 2.49170061539 2.54553581933 2.59944372733 2.65340835813 2.70741868349 2.76149127803 2.81563124168 2.86983335942 2.9240914697 2.97839973897 3.03275749564 3.08716068088 3.14159129538 
range:3.14159129538 to 4.73601069455 
center: -4.82593056463 6.40323801964 -0.0726714430287
a: 0.294072500663 0.0730151896132 0.385091245699 
b: -0.0585303822022 -0.0921826910117 -0.0044566143118 
c: 0.499823212391 0.703538172049 0.166964378204 
angles: 3.14159129538 3.19602071758 3.25042393856 3.30478287969 3.35909104437 3.41334897509 3.46755202391 3.52169057603 3.57576290961 3.62977500521 3.68373816443 3.73764679908 3.79148274482 3.84523343407 3.89888244872 3.95239675212 4.00574220112 4.05889263747 4.11186194885 4.16466399331 4.21728523348 4.26969818892 4.32189911442 4.37389353805 4.42568247813 4.47535087147 4.52693140437 4.57881619076 4.63119388422 4.68424412835 4.73601069455 
