range:1.77079471163e-06 to 1.5095200259 
center: -4.39915755487 6.39806489022 0.40709064997
a: -2.49683461293 2.37145394894 2.94989284202 0.163201797998 -1.53532113215 -0.245073637701 0.188372987833 
b: -0.204823386639 0.134004273143 0.275758396725 0.0222974616922 -0.0851074022597 
c: -10.8138453259 12.9437994673 10.7659595129 -1.03119976577 -7.44306984428 -0.866805384666 1.24769218506 
angles: 1.77079471163e-06 0.0512545103715 0.102418258052 0.153290122722 0.203155312529 0.253524718165 0.304111732564 0.354740361416 0.405311730885 0.455772609179 0.506100986378 0.556304453111 0.606422843146 0.656495833102 0.706545916955 0.756561459944 0.806506895386 0.856368531887 0.906204565708 0.956056924904 1.00594575981 1.05588500069 1.10586444018 1.1558725099 1.20593591555 1.25607318188 1.30629328041 1.356614198 1.40710909487 1.45794564606 1.5095200259 
range:1.5095200259 to 3.14159080123 
center: -4.36865048255 6.4995072734 -0.0829919081241
a: -0.160238733567 0.0190050765481 0.231682014278 
b: 0.0029502203293 -0.050103593602 -0.0553388794201 
c: 0.315939528877 0.47011234939 -0.0848867794926 
angles: 1.5095200259 1.5623181644 1.61574197493 1.66702421732 1.71936929116 1.77371372019 1.82968437658 1.88412653997 1.93592231765 1.98486533422 2.03792632667 2.09165108283 2.14570749236 2.19997536646 2.25441542344 2.30906960879 2.36394360596 2.4189742399 2.47412982123 2.52944633026 2.5849357379 2.64051198331 2.69607386066 2.75161594389 2.80720127851 2.86285165929 2.91855308618 2.97428896515 3.03004675972 3.08581693444 3.14159080123 
range:3.14159080123 to 4.77366523515 
center: -4.84765120475 6.49950775023 -0.0829931632841
a: 0.0563155184354 -0.243441393628 0.231682500424 
b: -0.13467879366 -0.187732130758 -0.0553386244818 
c: 0.143955130668 0.298126696005 -0.0848864609125 
angles: 3.14159080123 3.19736355901 3.25313470505 3.30889233744 3.36462800705 3.42033026111 3.47597936174 3.5315644175 3.58710807592 3.6426693767 3.69824514332 3.75373535338 3.80905171018 3.8642070203 3.91923830666 3.97411215747 4.02876630381 4.0832063252 4.13747486748 4.19153139438 4.24525630084 4.29831800008 4.34726128793 4.39905685659 4.45349912969 4.50947021162 4.56381483788 4.6161602273 4.66744270848 4.72086674012 4.77366523515 
