range:0-360 
center: -4.60815098286 6.08370357156 0.0806394437808
a: -2.21691858827e-07 1.97200218521e-08 0.248451368084 2.34502623099e-07 -0.0434124375202 -1.78367343043e-08 0.00975621064076 2.12985456443e-08 0.00878824194351 2.62098763296e-09 0.00475062510568 1.05556993517e-08 0.010245213993 
b: -9.11720450007e-05 0.00165071472129 -1.16634242127e-07 7.51893072186e-05 5.59474789166e-09 
c: -0.0157786750215 0.302111692456 4.21791266149e-08 0.0118943351712 -1.71352833203e-07 0.0439613765289 8.41983782706e-08 0.0466919717959 1.25073649479e-07 0.0302570455948 8.91964693397e-08 0.0296309721961 1.36875569235e-07 
angles: 1.1092110511e-06 0.0741050201425 0.148073402011 0.221744525412 0.294400925362 0.34543919391 0.411196001358 0.47783190818 0.545473068502 0.614315874566 0.684815976633 0.757240076707 0.83143325127 0.906828677006 0.983256531973 1.06064827347 1.13898703383 1.21811181238 1.29784219576 1.37876281038 1.4602535084 1.54238482837 1.62525016987 1.70859093499 1.79244204937 1.87681440027 1.96149067474 2.04632960285 2.13116250845 2.21584891391 2.30019518818 2.38397475974 2.46763178578 2.55147537991 2.63539795992 2.71933524814 2.80338696855 2.88764826153 2.97208410933 3.05671677308 3.14159104841 3.22646392174 3.31109812977 3.39553384556 3.47979499403 3.56384782678 3.6477847334 3.73170689274 3.81555019754 3.89920804966 3.98298800017 4.06733369873 4.15202070068 4.23685264794 4.32169232208 4.40636871533 4.49074131799 4.57459276442 4.65793391183 4.7407996175 4.82293136504 4.90442241044 4.9853433083 5.06507393233 5.14419976683 5.2225386484 5.29993170656 5.37635962273 5.45175495841 5.52595003789 5.59837460175 5.66887301645 5.73771614704 5.8053573001 5.87199620444 5.93775216397 5.98878626386 6.06144390953 6.13511446779 6.20908258704 
