range:0-360 
center: -4.6081507802 6.62551798224 0.117830750202
a: -3.85509722798e-07 -1.5162835251e-08 0.3523711727 3.56752150465e-07 0.00435806021883 2.21052378239e-08 0.0271519588289 5.73857942418e-08 0.00531023827648 2.57028873919e-08 0.00194160464828 -1.68533182812e-08 0.00085159393523 
b: 4.61426660768e-05 0.00222891804781 -1.03351585059e-07 6.84049545448e-05 1.09556278699e-08 0.000150442238367 -4.24731618986e-08 1.53339044695e-05 -1.46492994593e-08 -8.97341182597e-06 -2.37066431227e-08 -1.80177156289e-05 3.7320828212e-08 
c: 0.00842552442413 0.406992786964 -1.62122774122e-08 0.0124893823823 -4.16992655328e-07 0.0274630210328 -1.16416351845e-08 0.00280002788562 -3.83746147043e-09 -0.00165224664872 3.47685385589e-08 -0.00329188216632 4.025115416e-08 
angles: 1.73692833678e-06 0.0811284523054 0.162220832991 0.243258061842 0.324261484728 0.405310667424 0.48650063278 0.567955417913 0.649606651539 0.731370063802 0.813088260807 0.894680224252 0.976079619305 1.05721892215 1.13805053379 1.2185639606 1.29873950532 1.37855301896 1.45802876714 1.53715533833 1.61587978566 1.69412766952 1.77186025379 1.84918420016 1.92621498291 2.00298046862 2.07950330125 2.15581504316 2.23194446741 2.30797729326 2.38398996262 2.45991838476 2.53572124218 2.61148268752 2.68725569578 2.76301199903 2.83873432179 2.91443398586 2.99013980356 3.06586248616 3.14159077049 3.21731784964 3.29304150887 3.36874704428 3.44444642986 3.52016845994 3.59592658862 3.67169913023 3.74746015531 3.82326368877 3.89919188996 3.97520433372 4.05123863952 4.12736800258 4.20367980498 4.28020340021 4.35696909831 4.43400014622 4.51132443303 4.58905740818 4.66730570225 4.74603056206 4.8251575779 4.90463365446 4.98444745896 5.06462328515 5.14513747398 5.22596924095 5.30710861275 5.38850798556 5.4700997781 5.5518186892 5.63358171991 5.7152340626 5.79668899656 5.87787913556 5.95892783671 6.03993086939 6.12096905876 6.20206033083 
