range:0-30 
center: -4.40341057316 6.26570707752 0.348461160256
a: 2.64927797919 -3.48722987524 -2.54751156772 0.416661433298 2.06830849006 0.21588532431 -0.378032573727 
b: -0.00213684517224 0.00329345245695 0.00102223164148 7.62309694176e-05 -0.000819056641073 
c: -1.39139095804 1.15851490283 1.77698960067 0.67013809524 -0.7752614144 -0.218398615311 -0.065826667168 
angles: 1.21039262361e-06 0.0554529404429 0.11094549513 0.1665874895 0.222367615596 0.278235925513 0.334063509597 0.390090077853 0.446454466998 0.503044878939 0.559690205749 0.616284298129 0.672765669657 0.729072913753 0.785191705496 0.841107567237 0.896808460688 0.952414751818 1.008117049 1.06393879807 1.11978059853 1.17560313957 1.23147749867 1.28743827567 1.34333775942 1.39888873074 1.45377097545 1.50783245935 1.56114212357 1.61379850191 1.66584730003 1.71734868229 1.76841383031 1.81918485364 1.86988608322 1.92063611738 1.97115223394 2.02131832589 2.07111148045 2.12056205395 2.16969996918 2.21861513282 2.26735641547 2.31595212078 2.36445096029 2.41290968049 2.46133901773 2.5097693505 2.55823848278 2.60678867762 2.65543281254 2.70417031555 2.75300545602 2.80191338019 2.85085719804 2.8997612258 2.94851404334 2.99705012894 3.04537023155 3.09352484711 3.14159096627 3.18965712716 3.23781185174 3.28613211266 3.33466692083 3.38342125533 3.43232518148 3.48126875737 3.53017634005 3.5790111125 3.62774952875 3.67639449934 3.72494322047 3.77341210956 3.82184342035 3.8702725942 3.91873118939 3.96723104202 4.01582770444 4.06456801258 4.11348320641 4.1626212239 4.21207274616 4.2618659996 4.31203219509 4.36254843948 4.41329862209 4.46400005131 4.51477128795 4.56583667463 4.61733847087 4.66938735343 4.72204398068 4.77535391274 4.82941570142 4.88429822197 4.93984938271 4.99574861466 5.05170993538 5.10758431411 5.16340690227 5.21924860214 5.27507096076 5.33077312685 5.38638005727 5.44208100309 5.49799675074 5.55411552332 5.61042270548 5.66690402026 5.7234991343 5.78014313292 5.83673321626 5.89309815857 5.94912526768 6.00495265031 6.0608197849 6.1166007399 6.17224245112 6.22773479945 
