range:0-360 
a: 0.332860493048 -1.08015225488 26.7827316327 -0.0295395801384 -0.0662932854702 0.962676154841 1.98090917722 -0.139799156808 -0.13479308347 
b: -0.203282164113 -1.07998772287 30.9421960191 0.635218431533 -0.341104452926 -1.19700962644 2.17967479371 0.466573909961 -0.13606472131 