range:0-360 
center: -4.10412396789 1.67241928577 0.0720094226068
a: 0.00483009081715 0.00633747330493 0.235122531095 -0.00380159252178 -0.0248239707501 -0.00649151236002 0.0131998283861 -0.00152436297655 0.00795746770266 -0.000145248829424 0.000207597035991 0.000374882361019 -7.26699446315e-06 
b: 0.0029554861629 -0.0394647118671 0.016492687413 0.000845440434249 -0.00280695420793 
c: -0.0168237196761 0.264224853007 0.00633214045931 -0.00882555448207 0.00584948507221 0.0158741211912 0.00618081033489 0.00801383447416 0.000538283112332 0.00249140086926 -0.000455729933076 0.000229882542596 -0.000599882104291 
angles: 6.23432181824 0.0928566673397 0.233558131136 0.373983739349 0.51496887204 0.657348314967 0.802161555381 0.949591477677 1.10070389464 1.25787219906 1.42225307944 1.59333325703 1.76893107762 1.94604104306 2.12366536599 2.30094641216 2.47834727085 2.65612728665 2.83342776812 3.00954482021 3.18439128565 3.35809326113 3.53008552776 3.70011105212 3.86837665145 4.03429055824 4.19969429339 4.36596408502 4.530278373 4.69402502803 4.85351869897 5.00565541819 5.15028113387 5.28833604176 5.42174168963 5.55284862728 5.68390728217 5.81707508082 5.95362718521 6.09315230911 
