range:0-360 
center: -4.12488441467 1.94522731304 0.13330139739
a: 0.00559319724842 -0.00198323205807 0.225572919059 -0.0047297271858 -0.00860002337536 0.00660585987711 0.015436860558 6.30065744275e-05 0.00090956913657 -0.0049060893776 0.000612091281933 -0.000352980111863 0.000509690038743 
b: 0.00138126428488 -0.0390139668753 0.0170675122988 0.000175073417974 -0.001628662598 
c: -0.00625695328017 0.257107931596 -0.00198166052345 -0.00391053818717 0.00645107514681 0.0160892507785 0.00264562730051 0.00377978484898 0.00178625188917 3.88393246214e-05 0.00432916133223 0.00235420192963 0.00146067628364 
angles: 6.23613315485 0.106361768217 0.259170873835 0.411415993097 0.563174737406 0.714882944459 0.867788813695 1.02305097509 1.18165126928 1.34427960886 1.51018625738 1.67775981357 1.84585732397 2.01403147003 2.18242398968 2.35104104563 2.51948272803 2.68743624504 2.85494070056 3.02176658864 3.18743653859 3.35121533101 3.51298391344 3.67395611837 3.83504873451 3.99618769495 4.15541747143 4.31090778328 4.46180265925 4.6092417814 4.75481989759 4.89961793556 5.04437135499 5.18958335441 5.33554375241 5.48235722531 5.62995643876 5.77862656833 5.92911917677 6.0818930387 
