range:0-360 
center: -4.10748732686 1.76420965791 0.0885387100745
a: 0.0064658223981 0.0039791339412 0.228816571766 -0.00878051393763 -0.0231116417506 -0.00452358187807 0.0171408689356 0.00271314490467 0.00687291534947 0.000592571864571 -0.000478872758818 -0.000221646039887 0.000627069951791 
b: 0.00293400346825 -0.0395662690251 0.0163565616769 0.000402218649626 -0.00240045733387 
c: -0.0158105111778 0.263723610992 0.00398016865313 -0.00850398666468 0.00414601118051 0.0177547736901 0.00342311012717 0.00771819881851 -0.00192602050899 0.00111062649987 -0.000502752969136 0.000306110721882 0.000620747773665 
angles: 6.2212099058 0.0814597441814 0.223869787065 0.365631148682 0.507043822493 0.64988557108 0.796642986834 0.948292299035 1.10520024815 1.26735373692 1.43482121073 1.60720848933 1.78332197542 1.96087324049 2.13863877706 2.31630471904 2.49383789698 2.67107463188 2.84742900044 3.02239512796 3.19626278815 3.3685104567 3.53862793567 3.70693680456 3.87385524364 4.03979615597 4.20682858888 4.37360340204 4.53942886225 4.70195699001 4.8548554505 4.99828411397 5.13474290099 5.26714679607 5.39779339267 5.5288613029 5.661922511 5.7980395458 5.9371692069 6.07844005077 
