range:0-360 
center: -4.14857871533 2.12748065591 0.166799611982
a: 0.00131876547768 -0.00329205271145 0.221881943116 -7.34191457884e-05 -0.00279367465342 0.00530225857758 0.00730883048543 -0.00155754706006 -0.00152164960425 -0.00126169799628 0.000665721539647 0.000344854843755 0.00145011029411 
b: 0.000510657646736 -0.0359528540138 0.0169882865238 0.000381196628347 -0.000586760737667 
c: -0.00271576697831 0.236157774188 -0.00329190732927 -0.00263704341894 0.00256193121449 0.0069661991148 -0.00128163634544 0.00168209498941 0.000931992867376 -0.000993763363671 0.00276102295156 0.00172532377267 -0.000274829564267 
angles: 6.27223975246 0.1442139524 0.298889181966 0.452941380963 0.606459444488 0.759870927487 0.913615399129 1.06801926263 1.22325197605 1.37941086808 1.53662521479 1.69498715914 1.85460204185 2.0154425621 2.17715058198 2.33936755403 2.50195286403 2.66473398434 2.82760290013 2.99027488217 3.15234240898 3.3134849229 3.4736351986 3.63297715261 3.79180545316 3.94997682263 4.10707933484 4.26280656172 4.41729380164 4.570984318 4.72443156039 4.87794403023 5.03173611698 5.18592702213 5.34052338341 5.49545267124 5.65060893065 5.80595096177 5.96139950688 6.11685427968 
