range:0-360 
center: -4.10090603232 1.58027166426 0.0577712467639
a: 0.00311733970735 0.00808558669151 0.236694767745 0.00045830164344 -0.0247947935759 -0.00650501577695 0.0109090107005 -0.00326656843846 0.00822964442091 -0.00137816732443 0.000738848163355 -0.000265786870093 -0.000274492250637 
b: 0.00281628234632 -0.0389795626383 0.0163601110063 0.00118505633254 -0.00294123450642 
c: -0.0167725595982 0.26189200629 0.00808430839716 -0.00875503805126 0.00669044157679 0.0142626176849 0.0096629679151 0.00778799352707 0.00388300019407 0.00263660502711 0.00178027023686 -4.62542626123e-05 0.00041007849735 
angles: 6.24715265364 0.106072119184 0.247939177182 0.38867028627 0.528775056341 0.669196493426 0.810553763522 0.953954024291 1.10196136253 1.25658542662 1.41870891269 1.58784211582 1.761673098 1.93750476179 2.11402557923 2.28993243576 2.46658319528 2.64403234611 2.82132125456 2.99767677361 3.17282565768 3.3466816587 3.5191164588 3.68974412103 3.85858511362 4.02516895524 4.19020424213 4.35566024645 4.52051414394 4.6845086878 4.84634817743 5.00299990554 5.15294527784 5.29665546978 5.43486224227 5.5689958809 5.70118332805 5.83373891602 5.96860521156 6.1066980816 
