range:0-360 
center: -4.13536454439 2.03592233658 0.153576215648
a: 0.00417233052687 -0.00238846128966 0.222495156606 -0.00110947197497 -0.00444166292676 0.0061722059482 0.00932905432862 -0.0029757609205 0.000398037485904 -0.00332907337205 0.000481665557262 0.000297629233466 0.00113114634823 
b: 0.000691482274638 -0.0367899130837 0.0169018639751 -1.87663837196e-05 -0.00143066586084 
c: -0.00249049988515 0.242163619482 -0.00238863424653 -0.000539213721303 0.00723211628435 0.0103375165698 0.00139330291058 0.00350715189031 0.00314440790946 0.000532335019489 0.00422717390033 0.00196037765239 0.000468155838468 
angles: 6.24775547235 0.121473037955 0.277593073333 0.43311120577 0.588165678253 0.743320766143 0.899562909697 1.0573149846 1.21652068578 1.37722647577 1.53934990186 1.70255189428 1.86635214416 2.03038823863 2.19462100989 2.35906845407 2.52361920116 2.6880850743 2.85212170167 3.01547650989 3.17764649006 3.33819532606 3.49707978847 3.65500707677 3.81229882004 3.9684346485 4.12259519211 4.27439560161 4.42436741735 4.57333997374 4.72206304775 4.87099918058 5.02049165394 5.17067796215 5.32157379168 5.47313238884 5.6254629767 5.77901033927 5.93405226037 6.09052653061 
