range:0-360 
center: -4.16239635348 2.21910951734 0.179258968658
a: -0.00186789117896 -0.00438452582578 0.229824416716 0.000574255617638 -0.00134756926626 0.00423222439726 0.0093909505712 0.000174222110907 -0.0037866139895 0.000488546207709 0.000821576890052 0.000794507863256 0.00134861202089 
b: 0.000372674022947 -0.037829144849 0.0177425342865 0.000855063913605 0.000404602547255 
c: -0.00336759662672 0.248066897226 -0.00438592548371 -0.00538675900257 -0.00315946000559 0.0088499177624 -0.00453807953911 -0.000247783661595 -0.00241300138746 -0.00135059510709 0.000194538930557 0.00215870966443 -0.00141886608431 
angles: 0.0177173302414 0.17191137793 0.324897592471 0.476729542529 0.6275952124 0.777818938887 0.927761034222 1.07771762047 1.22800652099 1.37896268741 1.53087730204 1.68405109643 1.83878844914 1.99561282229 2.15477247448 2.3155186416 2.47679580398 2.63859270409 2.80052612087 2.96242052256 3.12476500992 3.28716209408 3.44904659182 3.61028213558 3.77110264722 3.9318423155 4.0924990835 4.25276009539 4.41236986324 4.57125512067 4.72959915851 4.8876620275 5.04559924082 5.20342478543 5.36119285082 5.51874807292 5.67592340823 5.83282478804 5.98946880092 6.1456012995 
