range:0-360 
center: -4.09734377861 1.4879504621 0.0448497852253
a: 0.00153268326866 0.00963718491409 0.232327992943 0.00296071518716 -0.0238782421345 -0.007256926536 0.00981911053421 -0.00339773733508 0.00779406314824 -0.0014933565289 0.00112225074562 -0.000996405362348 -0.000266640981615 
b: 0.00261044715829 -0.0379175939576 0.0158049465624 0.00134847588293 -0.00277687580387 
c: -0.0161986021662 0.255622227606 0.00963870211883 -0.00852398962918 0.00602073028783 0.0134499775244 0.0120015919194 0.00753437615253 0.00557243926552 0.00252986064149 0.00326508065504 8.73587977155e-05 0.00131077257587 
angles: 6.25923452095 0.118245359844 0.260629008205 0.401426246585 0.54103863233 0.679914758286 0.818978863322 0.96067311107 1.10727286264 1.26018516745 1.4200163196 1.58623015131 1.75707239168 1.93098933043 2.10603116841 2.28132190435 2.4573794178 2.63423182914 2.81117754877 2.98737807999 3.16240430465 3.33601431255 3.50833940391 3.67900614681 3.84813368893 4.01523902107 4.18054653714 4.34601533585 4.51145147443 4.67672078024 4.84096225458 5.00065342209 5.15372311765 5.30065682159 5.44248213786 5.57999943467 5.71437334744 5.84749972847 5.9817809169 6.11907328553 
