range:0-360 
center: -4.11533904672 1.85508705676 0.108899162058
a: 0.00651823370112 0.000121894958214 0.224588022271 -0.00907962668368 -0.0165831346973 0.00281472849139 0.018276091344 0.00474270845828 0.00259221764536 -0.00249479343345 -0.000193705795925 -0.00135594547593 0.00173063866105 
b: 0.0024033104671 -0.0394010575969 0.0166484974719 0.000409057161978 -0.00183991481038 
c: -0.0123849299644 0.26068071646 0.000116456012737 -0.00819142482035 0.00394849458801 0.0178217059073 0.0030503505608 0.00582378673692 -0.000402350226607 -0.000248575796948 0.00335274469601 0.00146035221615 0.00302841724367 
angles: 6.2243002506 0.0896706673163 0.236905804936 0.38248462764 0.526621079796 0.670926699362 0.818126295585 0.97110261598 1.13047293875 1.29521627808 1.46368490417 1.63467267997 1.80740541326 1.98125553148 2.15572119633 2.33020745384 2.50453949677 2.67838461183 2.85137376388 3.02342823613 3.19432964685 3.36325206637 3.53003211954 3.69563965823 3.86100499655 4.02752228314 4.19509478109 4.36074992651 4.52079979493 4.67218649556 4.81669114615 4.95685657831 5.094789905 5.23196474763 5.36944565806 5.50796423682 5.64786341374 5.7891234271 5.93188425621 6.07685928693 
