range:0-360 
center: -4.60815066993 5.84035286307 -0.0193245106144
a: -1.48737244669e-07 -7.2561103126e-08 0.455469830798 2.21078520477e-07 -0.0857466549335 5.9688475457e-08 -0.0636429282972 2.16232207117e-08 0.0581361374674 1.42214073074e-08 0.00681898378616 -9.1379476073e-08 -0.0274475454407 -3.16641223874e-08 -0.00627674686614 1.79737667944e-08 0.0122652308616 
b: -0.000289888930536 0.00180507595885 -1.91518201649e-07 -5.30256309538e-05 1.40167925185e-08 
c: -0.0457465549201 0.331972212739 -7.19006077355e-08 -0.00542866057253 -8.0283231081e-08 -0.0599870334675 -8.44382609626e-08 0.0216884725842 1.61755023098e-07 -0.00328142739529 -8.90004827091e-09 -0.00847694024881 8.52580094373e-08 -0.0041282292397 -2.46205888379e-08 0.00614340755177 1.18168192102e-08 
angles: 8.06867263954e-07 0.0358552601728 0.072160961082 0.109345740238 0.14784270889 0.188107642106 0.230648834754 0.276142039223 0.325629554545 0.380340924992 0.440916439387 0.506552392009 0.574693932826 0.643759346119 0.712755779375 0.781668556612 0.851910303436 0.924569514491 1.00180070871 1.0859408386 1.17933824868 1.28413158336 1.41481010612 1.57933258292 1.68446572875 1.77756872592 1.86366718151 1.94577409307 2.02633154937 2.10670920943 2.18832444003 2.27171030822 2.3573091991 2.44495739798 2.53469016191 2.62686976335 2.7220804495 2.82036810094 2.92296410253 3.03041089165 3.14159202209 3.25277186301 3.36022062882 3.46281557586 3.56110449087 3.65631512851 3.74849457997 3.83822723042 3.92587520255 4.01147402728 4.09485982742 4.17647555577 4.25685311445 4.33741079612 4.41951766663 4.50561596271 4.59871896507 4.70385208388 4.86837375516 4.99905205478 5.1038452987 5.19724330137 5.28138350293 5.35861473659 5.4312739061 5.50151664356 5.57043037863 5.63942653858 5.70849284915 5.77663413359 5.84227143757 5.90284712193 5.95755871761 6.00704644933 6.05253784554 6.09508106821 6.13534607921 6.17384312571 6.21102592569 6.24733369634 
