range:0-360 
center: -4.60815076232 5.35507609248 0.0409661069978
a: -2.35265169698e-07 -1.09699983237e-08 0.797142817415 3.53061244277e-07 -0.0537959663432 -5.26854310307e-09 -0.144867192686 -6.40592503694e-08 0.0508409738031 -3.04364925741e-09 0.0485177794887 6.61346932508e-09 -0.0342773413073 -2.30582386417e-08 -0.0274206109985 -2.03601691291e-08 0.0176596323753 
b: -0.000140963320049 0.00305612237058 -3.49380659004e-07 2.93653701142e-05 -1.46004134384e-08 
c: -0.022792599654 0.558010516014 -8.21871101134e-09 0.00833310415366 -1.22111632202e-07 -0.0942052682254 -1.90635273357e-08 0.0111538943202 1.6308589959e-07 0.00206244705815 -2.39573798322e-08 -0.00514325689758 9.99979254718e-08 -0.0190380311723 -4.84277144003e-08 0.0117765421705 8.33633020429e-08 
angles: 6.43171127287e-07 0.0663536950615 0.133580532077 0.201618918854 0.270419108581 0.33999072865 0.410444581419 0.481890354274 0.554291532641 0.627533023592 0.701389827152 0.775814740154 0.850922023881 0.926843635424 1.00365568472 1.08144465898 1.16004221548 1.23928491358 1.3210434771 1.41617370934 1.50178628059 1.58354164601 1.66329266193 1.74229688772 1.82081631124 1.89861585736 1.97519034323 2.05134623907 2.12735991179 2.20519494241 2.28568796316 2.3673923163 2.45000272853 2.53353691352 2.61794339982 2.70293657153 2.78858387572 2.87492284694 2.96215206656 3.05101771845 3.14159201111 3.23216551727 3.32103161374 3.40826188854 3.49460071874 3.58024792029 3.66524087303 3.74964726718 3.8331819755 3.91579227647 3.99749661609 4.07798966815 4.15582465799 4.23183846424 4.30799466884 4.38456921855 4.46236872712 4.54088820459 4.61989248203 4.69964351754 4.78139892646 4.86701155565 4.96214183052 5.04390051205 5.12314340323 5.20174078539 5.27952971637 5.35634213183 5.43226414315 5.5073713662 5.58179677695 5.65565345562 5.72889481377 5.80129673215 5.87274256824 5.943196448 6.01276714153 6.08156734425 6.14960577543 6.21683380575 
