range:0-360 
center: -4.60815058351 5.67855386138 -0.00652116858401
a: -1.34512173337e-07 -3.23518843369e-09 0.669562594233 2.13902465309e-07 -0.0587122281613 -2.79593370681e-08 -0.14363979405 -4.08983605152e-08 0.0331379177622 2.08691393698e-08 0.0466375872705 -4.50456616915e-09 -0.0140866249066 -2.07458988111e-08 -0.0266274446051 -2.45225859807e-08 0.00803625595765 
b: -0.000224716363171 0.00239019166771 -2.84583071003e-07 -7.45378713961e-05 3.72059260199e-08 
c: -0.0341733166826 0.438560798013 -1.86887047998e-09 -0.00901714990426 -5.31141373499e-08 -0.0871042318733 -3.49958382186e-08 0.0162371579737 1.23902185195e-07 0.00964975969036 -4.64824401215e-08 -0.0017066692725 7.11876727457e-08 -0.0097950414926 -4.70794594544e-08 0.00590065277748 3.36749467894e-08 
angles: 3.11145380405e-07 0.0509689985104 0.1025653908 0.155311049915 0.209519285847 0.265268700751 0.322579925559 0.381637107246 0.442892832916 0.507127878382 0.57518153102 0.647539698419 0.724145901782 0.804336015299 0.886335013515 0.966995979348 1.04542261518 1.12489827762 1.21818351322 1.33192876005 1.42879857107 1.51837592568 1.60275858811 1.68380442167 1.76175101548 1.83802752857 1.91310736795 1.98890414326 2.06598535493 2.14533345041 2.22607704647 2.30867190437 2.39318930316 2.47952676394 2.56738171422 2.65707175878 2.74894562511 2.84326065014 2.94005577901 3.03957390707 3.1415923829 3.2436110645 3.3431294059 3.439923507 3.53423959591 3.62611246732 3.71580328932 3.80365803932 3.88999534437 3.97451265234 4.05710753458 4.1378514392 4.21719953884 4.29428098447 4.37007777263 4.44515750793 4.52143412432 4.59938068844 4.68042650799 4.7648092135 4.85438660509 4.95125649703 5.06500179945 5.15828695183 5.23776261235 5.31618960191 5.3968502694 5.4788490628 5.55904068461 5.63564605055 5.70800429668 5.77605908657 5.84029307926 5.90155002135 5.96060592788 6.0179183904 6.07366781406 6.12787612891 6.18062044471 6.23221835795 
