range:0-360 
center: -5.12950783968 1.38657722175 0.0329625623534
a: 0.00359103204494 -0.0100313391421 0.221406556374 -0.00771854090453 -0.0194108783757 0.00837269913833 0.00925454042928 0.00290930737293 0.00656470032567 0.000435313760909 0.00185468469566 0.00106934938975 -8.60383186994e-06 0.00122869900505 0.000168043242976 0.000232464793842 0.000307790581161 9.12991871655e-05 3.13094354591e-05 -8.68644092661e-05 3.79130900936e-05 -6.06299529808e-05 -0.000196890339588 8.48870684422e-05 4.76651434107e-05 -6.67366257843e-05 9.61134444617e-05 -7.95127481003e-05 -3.56178936599e-05 3.5548683636e-05 -1.2319703561e-05 1.97920916243e-05 4.0497703948e-05 -3.41908420857e-05 3.52921532829e-05 -4.5136512344e-06 -5.38693807818e-05 
b: 0.000865827768563 -0.0191450833479 -0.00833160449582 0.000677669933405 0.000846614036434 
c: -0.0124578365399 0.243786226928 -0.0100313557615 -0.00550473837312 -0.000536479449378 0.0131251041188 -0.0116899425468 0.00734139517229 -0.005345748394 0.00201593396107 -0.00288197929209 0.000785346758692 -0.00136701449269 -6.8868783333e-06 -0.00121789561569 0.000486081615006 -6.53972043926e-05 -0.000206024489453 0.000102125494114 0.000140439035688 8.03413531186e-05 -4.05527624366e-05 0.000133030069144 5.42981607495e-05 7.82657167892e-05 6.04590377645e-05 4.97639349699e-06 4.33723995196e-05 8.36449007591e-05 -2.33606194182e-05 -2.41135426128e-05 3.47652632212e-05 2.53057741083e-05 -4.35579135289e-05 -2.82081814708e-05 3.49428738198e-05 2.68326446376e-05 
angles: 6.25953072357 0.118018567033 0.257889624536 0.397000709571 0.537631014348 0.681542124143 0.829816833492 0.982712378229 1.14050506028 1.30390651344 1.47220597351 1.64217237028 1.81085234918 1.97928535155 2.14712164937 2.31507582956 2.48385848007 2.6532203456 2.82288064954 2.99308323141 3.16390809653 3.33478861564 3.5055027571 3.67600233938 3.84607229814 4.01525096597 4.18327400999 4.34925948395 4.51226401371 4.67168952644 4.82725638856 4.97855258266 5.12567132741 5.26912473906 5.40994937858 5.5494849469 5.68918490003 5.83037383061 5.97310399871 6.11650498196 
