range:0-360 
center: -5.14393254518 0.916390423477 0.0148536641878
a: 0.00508227214445 -0.00898081554595 0.15404876405 -0.00485951341198 -0.00241582664279 0.00766932647707 0.00611930208432 -0.000899359879824 0.000172767544675 0.0006527940142 0.00100304459377 0.00057578202168 0.000307895612144 0.000702758708657 -2.65310630003e-05 1.44178268376e-05 -7.95589729853e-05 3.29299654423e-05 -0.000172522597518 5.93833219455e-05 3.45918934635e-05 -2.85201698199e-05 -4.55435516648e-05 1.28428227687e-05 -2.0884986303e-05 -2.94103540144e-05 -7.1574482602e-06 -3.22918306768e-06 1.55538095467e-05 -1.43938507187e-05 1.58259088078e-05 1.97403410144e-05 5.40594146136e-06 -9.34048197056e-06 1.53871392841e-05 -4.08655340468e-06 -4.27148045498e-06 
b: -5.10088158876e-05 -0.0130952929275 -0.00563771890823 0.000297144537564 -0.00035117676617 
c: -0.00198787763219 0.167845115012 -0.00898081629131 -0.00155992823073 0.00530503027639 0.00767704893319 -0.0102923053376 0.000683130477344 -0.000453841279982 0.00055470111653 -0.00197018338687 0.000202466697306 -0.00077741651397 -0.000421813368031 -0.000614630269989 -2.5868905165e-05 -0.00018721524104 -0.000222761833056 0.000121056133277 1.90999284039e-05 -0.000113416550247 -4.69601665491e-06 0.000125460313344 5.38778843887e-06 -4.11990170128e-05 4.79820998821e-05 6.75149779913e-05 1.07101626801e-05 -3.15870631609e-05 3.93208861482e-05 2.37271738938e-05 -1.03991016994e-05 -1.49853652376e-05 7.90942099333e-06 -1.3182421623e-07 -1.11333577499e-05 -3.86436588114e-07 
angles: 6.22144634554 0.0913479808537 0.245803021156 0.402639486152 0.562093133252 0.723985269701 0.888173229294 1.05413071918 1.22145620998 1.38955153802 1.55784380351 1.72568295295 1.89262373645 2.05855998834 2.22357317697 2.38762742428 2.55082106617 2.71361887553 2.87693411897 3.04052347869 3.20362426707 3.36636487594 3.52817771013 3.68806840111 3.8454028356 3.99968350017 4.15085893962 4.29914492799 4.445115072 4.58966889097 4.73373745131 4.87796754304 5.02264130719 5.16792390978 5.31421442134 5.46206413445 5.61191842149 5.76371263463 5.9162812387 6.06884901084 
