range:0-360 
center: -5.14802148342 0.822628228366 0.00842108218935
a: 0.0049631056158 -0.00725260696407 0.148460655703 -0.00410049693269 -0.00046764165542 0.00564467858194 0.00494501081888 -0.000971680898249 -0.000780644201648 0.000941178190309 0.0013016596824 0.000111457640104 -3.32954072995e-05 
b: -0.000101998630466 -0.0125703904287 -0.00554475567333 0.000316050375085 -0.000471066348359 
c: -0.00129269855743 0.16042484205 -0.00725339713609 -0.0021198321187 0.00582341888251 0.00702079880375 -0.00886237510565 -0.000881462549957 0.00074766308673 0.000780802015126 -0.00227180935248 -2.64553671783e-05 -0.000138631283644 
angles: 6.21906122333 0.0905313765838 0.246867150007 0.405660165833 0.566877438346 0.730096732836 0.895058012067 1.06121668846 1.22853568645 1.39653084411 1.56451747435 1.73206943278 1.89897357546 2.06496894961 2.22984371916 2.39341546329 2.55558810605 2.71730905425 2.87935374895 3.04182156848 3.20480277342 3.36747685254 3.52863891284 3.68738727443 3.84304860532 3.99567029823 4.14535314101 4.29245211245 4.43772821969 4.58210220663 4.72632574204 4.87080648705 5.01574185756 5.16138908748 5.30818473576 5.45661151706 5.60687601787 5.75889826013 5.91191348196 6.06534259105 
