range:0-360 
center: -5.16001220942 0.540907649696 -0.00560994609264
a: 0.00454259398425 -0.00371345727692 0.133449595058 -0.0033472927309 0.00468747365307 0.00184105810551 0.0042966886479 -0.000997790524255 -0.00141896460467 0.00162612557096 0.000518439308805 -6.79235968909e-05 0.000173926059617 
b: -0.000470596641369 -0.0113459862424 -0.00520432992908 -4.41606966631e-05 -0.000678496114135 
c: 0.00348705693223 0.143382851048 -0.00371328977182 0.00228738824912 0.00573620943025 0.00563666430636 -0.00558337657449 -0.000980978354772 0.00138624471264 0.000820659792414 -0.00211395156017 0.000274579143868 0.000341981885609 
angles: 6.21763937924 0.0989745991408 0.264802301895 0.432622923058 0.602183793955 0.772776990431 0.943771998425 1.11469427998 1.28553276219 1.45629693502 1.62614873606 1.79420633294 1.95977922189 2.12240987647 2.28221478967 2.43927997126 2.59413690958 2.7490981481 2.90450399194 3.05942651072 3.21408070981 3.3671192379 3.51705366154 3.66352683827 3.80725761259 3.94902340145 4.08983055266 4.23046045981 4.37159386834 4.51386757886 4.65753598212 4.80337240392 4.95179064134 5.10201657457 5.25502653505 5.41093586071 5.56942124843 5.72968615892 5.89115102393 6.05382171282 
