range:0-360 
center: -5.13551683426 1.19849025309 0.0259943299927
a: 0.00415488599014 -0.00981268827172 0.18923849916 -0.00728198338846 -0.0113966455026 0.00914176970064 0.00653124524891 0.00295573383726 0.00374525802238 -0.00038864305645 0.0019154944143 0.000232490584399 -0.000419160672468 0.000964405680888 5.06737546404e-05 0.000114210456062 0.00016948480958 4.06668295775e-05 -9.96129872831e-05 -0.000103288273674 -0.000103048179589 8.90491262617e-05 -6.18216577555e-06 -9.45302504445e-06 -1.11444732121e-05 -2.89457645305e-05 1.69224312643e-05 -4.52929712219e-05 -2.32815358306e-05 5.58742151191e-06 6.30963182696e-06 -1.7961217419e-05 2.11010168392e-05 -1.18837631689e-05 1.36631745755e-05 -5.80027060581e-06 -1.62764781207e-06 
b: 0.000478453348028 -0.0161354321747 -0.00702377794263 0.000614424106667 0.000383270008299 
c: -0.00801628026079 0.206123483078 -0.00981268780048 -0.00463591609686 0.00102778671766 0.0103537357133 -0.0104836046489 0.00301546983694 -0.00329846656959 0.00190699277353 -0.00173047491636 -0.000310629035388 -0.000110241626109 -5.91824260131e-05 -0.00115470862146 -6.09559765545e-05 0.000236446383575 -1.02489471546e-05 -0.000149618210628 -0.000127376135986 0.000247371321706 9.54991264174e-05 -1.98897609249e-05 -1.31468199673e-05 0.000134590934939 8.47701477953e-05 4.01879434542e-05 2.12805513374e-05 7.99289392308e-05 6.13710689884e-05 1.68293906553e-05 2.31455044423e-05 1.61113963322e-05 4.14036812743e-05 1.05954222481e-05 6.97693724956e-06 -7.48780140441e-06 
angles: 6.2467675619 0.108775383947 0.25338379006 0.398487951241 0.545241302702 0.694624285802 0.84772780683 1.00522412393 1.16722085679 1.33312364878 1.5014886385 1.66995751008 1.83715836239 2.00366649234 2.17017327708 2.33713540557 2.50455723956 2.67212350187 2.83963433135 3.00722159336 3.17542528314 3.34422857824 3.51243901224 3.67990750991 3.8467668865 4.01243082401 4.17580992185 4.33621858046 4.49345336837 4.64721562127 4.79756505858 4.94513556729 5.09073244491 5.23487486268 5.37807270582 5.52109629157 5.66471722482 5.80943502539 5.95510946836 6.10099846007 
