range:0-360 
center: -4.94327310324 3.33234021664 0.120274043526
a: -0.00587910441744 -0.00429932401815 0.320154602523 0.00513866751086 0.00431042550543 0.00229719921107 0.013266005881 -0.00161292780604 0.000948723492298 0.00122100293079 0.000266676716177 0.00243453528347 -8.94773746986e-05 
b: 0.000308752294377 -0.00906739119157 -0.0253656480985 -0.000610984951044 -0.000164685737061 -0.000601430495022 -0.000886060804604 6.80339221843e-05 7.74908933949e-06 -0.000151074930843 5.34863737104e-05 -0.000229436268676 6.81884149848e-05 
c: 0.00590279051458 0.34894716953 -0.0042954323164 0.00749194702055 -0.0066148777707 0.0155234328208 -0.00629712438956 0.00223899724175 -0.00308692531554 0.00199886079551 -0.00277115154536 0.00132385956693 -0.00226509980883 
angles: 0.0328255362915 0.195478157642 0.357442073071 0.518445077201 0.67803135032 0.835639155542 0.99280816937 1.14943430546 1.30481032679 1.4580813957 1.60926582487 1.75906431651 1.9081225286 2.05679314358 2.20554618945 2.35440021885 2.50353854672 2.65324778164 2.80348662594 2.95420290084 3.10562440086 3.25794818792 3.4112307368 3.56524216472 3.72013683571 3.87649470564 4.0345219263 4.19408132497 4.35533751843 4.5180182659 4.68145452234 4.84564786259 5.01029886184 5.17518460501 5.33994079086 5.50419278471 5.66763902113 5.83028149092 5.99227033125 6.15385702396 
