range:0-360 
center: -4.99822206497 2.65208931565 0.132218786108
a: -0.0063072261438 -0.00090327433942 0.289789548969 0.0106918494986 0.0212093138961 0.00273740343775 0.0132144427854 -0.00362451796005 0.00161142122703 -0.0013689946129 0.000989024625921 5.97849327654e-05 -0.00048187389861 
b: -9.73937115199e-05 -0.00846864005417 -0.0230402308436 -0.0014777231689 -0.00163625332466 -0.000587813854299 -0.00107711595804 0.000277201565385 -0.000267213903469 0.000123067524116 -0.000141129516801 1.1812817711e-05 -4.32091220388e-06 
c: 0.0222280330345 0.316718874386 -0.000907108427508 0.023242395306 -0.00192123052181 0.0137194011671 0.000940815759563 0.000417216513115 0.00515232638894 -0.000523054435614 0.00231508562421 -0.00061464819979 0.0015833790547 
angles: 0.0355858345139 0.208158815194 0.38147945502 0.556183085686 0.732381404489 0.909357063232 1.08555777098 1.25760226546 1.4231227333 1.58129186 1.73298014124 1.87962378702 2.02168610361 2.15994653173 2.29558792873 2.42960986423 2.5626005799 2.69520416838 2.82788545346 2.96091704522 3.09445513 3.22888246778 3.36471220631 3.50250295565 3.64301181449 3.7867658863 3.93437442689 4.08612055662 4.24269234671 4.40546782202 4.5743151948 4.74519375771 4.91647142798 5.08997428006 5.26592642614 5.44296580622 5.61932343926 5.79506846473 5.97050093631 6.14535265445 
