range:0-360 
center: -5.13854207993 1.10424122214 0.0250826291479
a: 0.00424042350195 -0.00948098187697 0.173193459613 -0.0066462292958 -0.00731938136283 0.00907559698289 0.00628934390182 0.00183416526878 0.0030282847586 -0.000422190306199 0.00117193764315 0.000638872096397 -0.000217928401774 0.000815232179664 0.000348362715978 2.83983385399e-05 2.52303404198e-05 4.96932781482e-05 -0.000325940977801 3.26998198052e-06 2.50192848095e-05 -5.13162998715e-05 2.66860489702e-05 -6.4281236074e-05 -3.36585254668e-05 1.43463571898e-05 -5.4075213927e-06 -3.97735434168e-05 3.99416844763e-05 -2.18993565302e-05 2.17586533948e-05 9.35929666483e-06 -1.46724747592e-06 1.57531849921e-05 2.41955719393e-05 -2.70418506506e-06 -6.41100321556e-06 
b: 0.000184910925232 -0.014716249307 -0.00638726266609 0.000364805313577 0.000139788333556 
c: -0.00445419008102 0.188282175257 -0.00948098138631 -0.00158899911426 0.00183461676201 0.00879937192024 -0.00988636646419 0.00270209677748 -0.00297744580419 0.00133809266761 -0.00123296054798 -0.000108264083972 -0.000504407732552 -0.000182201404465 -0.000839917146988 8.44264222797e-05 0.000162863602337 -0.000204614174294 2.50121985203e-05 3.41681725322e-05 0.000194522079842 9.46448602031e-05 2.34058037929e-05 4.27985462743e-05 0.000133485726144 7.3380432638e-05 -1.35233518847e-05 3.64654774567e-05 2.94431574325e-05 5.69523431919e-05 -2.11462944007e-05 -1.97210562971e-06 -1.02678044655e-06 1.14536185185e-05 -2.717781345e-05 5.39107131529e-06 5.59226901932e-06 
angles: 6.24005098681 0.106635445689 0.25645363401 0.407310113888 0.560205745577 0.715691565916 0.874112817243 1.03551146113 1.19958541002 1.36557793206 1.53245711751 1.69924410511 1.86533352903 2.03056374941 2.19550624915 2.3604909122 2.5254128613 2.6901237403 2.85471632761 3.01934459203 3.18425742882 3.34888778158 3.51264800437 3.67579414631 3.83799325749 3.99829707734 4.15625826702 4.31161213391 4.46441188128 4.61468672225 4.76281265562 4.90947054419 5.05550126986 5.2013270712 5.34727464856 5.49383395466 5.64154434182 5.79055604865 5.94022743691 6.0900811501 
