range:0-360 
center: -5.13256243467 1.29265080094 0.0280453788116
a: 0.00397041400321 -0.0106439151946 0.205874981323 -0.00752124179471 -0.0159528688311 0.00973711358888 0.00833759563021 0.00267845941601 0.00485202166523 -0.000207757549037 0.00230381648718 0.000803617734672 -0.000327307729232 0.00104984676231 -0.000203421539856 0.000261570805916 0.000264865660406 7.70331027275e-05 3.35629421914e-06 -0.000162879613755 -2.71176861772e-05 3.89625060782e-05 -0.000231927679476 7.2949127234e-05 0.000110504938552 -7.61998513103e-05 5.76686773497e-05 -9.18796749389e-05 -1.34697543258e-05 3.36705130297e-05 -7.06561824953e-06 2.00715006523e-05 3.46988067661e-05 -1.91786331838e-05 3.25126125038e-05 -2.78516714081e-05 -2.98028720221e-05 
b: 0.000736171549975 -0.0177342691809 -0.00764300427374 0.000728114609143 0.00062664136874 
c: -0.0110694591361 0.226476748167 -0.0106439195393 -0.00618604086041 0.000419595739361 0.0122641607509 -0.0115507148517 0.00491478973933 -0.00442320123224 0.00162277165504 -0.00202136909901 0.00039007906356 -0.00094108607855 -0.000477673816179 -0.0011792468037 0.000452475396429 0.000124032846017 -0.000277515551276 -5.23953505483e-05 0.000214758669033 0.000222812257873 -4.90403572408e-05 6.3733964194e-05 0.000131155806088 0.000132711268768 0.000125326665147 2.61442556612e-05 3.46639294438e-05 0.000113914293305 7.45307340618e-05 -1.58070455121e-05 1.14410354916e-05 4.22143203815e-05 4.94400453468e-05 -2.61816477389e-06 8.13512684465e-06 2.80276703672e-05 
angles: 6.25389100453 0.112898040591 0.253659256539 0.39446860273 0.536814608574 0.681963235284 0.83101688601 0.984904748426 1.14417060075 1.30906319824 1.47870142496 1.64904889877 1.8174721525 1.98553723162 2.1533747209 2.32142542196 2.49013354818 2.65931948877 2.8286226866 2.99833006598 3.16868866549 3.33916457333 3.50923035588 3.67970016346 3.85008196796 4.01942950339 4.18674792053 4.35083585824 4.5110328751 4.66756797538 4.8204485375 4.96984441535 5.11600259192 5.25925267385 5.40055752225 5.54094371178 5.6816405113 5.82365523523 5.96693225872 6.11057628982 
