range:0-360 
center: -5.16001220942 0.540907649696 -0.00560994609264
a: 0.00454243178929 -0.00371337618301 0.133449516674 -0.00334793704081 0.00468686655001 0.00184235204932 0.00429694732266 -0.00100084475303 -0.00141896357071 0.00162744421668 0.000518906098733 -5.41742159605e-05 0.000169757331405 0.000269776829413 0.000199513221952 -0.000171497792256 3.03123324888e-06 -8.2160850877e-06 -0.000155567989888 -1.37209395296e-05 4.33827622748e-05 1.36021246525e-05 6.85818042517e-05 6.61667224211e-05 4.10306323394e-05 -5.28266279455e-05 8.10299538098e-07 -1.87956846918e-05 -3.76684544841e-05 -4.66771811226e-06 3.55276119334e-05 1.46442488245e-05 5.2650032779e-06 3.72698104821e-05 -2.27060893963e-06 -2.66024219248e-05 -2.04790048288e-05 
b: -0.000470596641369 -0.0113459862424 -0.00520432992908 -4.41606966631e-05 -0.000678496114135 
c: 0.00348703093514 0.143382912648 -0.00371338328983 0.00228718257473 0.00573692580267 0.00563644223566 -0.00558440182522 -0.000980708590439 0.001388158125 0.00082059613078 -0.00211462236486 0.000268500177216 0.000333139493589 0.000102142412572 -0.000217407090377 9.57287753218e-05 0.000107479885544 5.81864477375e-05 4.41633787575e-05 4.9347971482e-05 -7.77688758462e-05 0.000145113397094 4.95899847428e-05 -3.51260542482e-05 -2.52911978449e-05 7.5674962076e-05 1.0373705955e-05 -3.84405433847e-05 2.21126671059e-05 3.91596805183e-05 -4.72451509401e-05 -6.61771935193e-06 1.77051312891e-05 6.54095914503e-06 -1.72894402384e-05 1.25760317021e-05 5.61032241798e-06 
angles: 6.21763937924 0.0989745991408 0.264802301895 0.432622923058 0.602183793955 0.772776990431 0.943771998425 1.11469427998 1.28553276219 1.45629693502 1.62614873606 1.79420633294 1.95977922189 2.12240987647 2.28221478967 2.43927997126 2.59413690958 2.7490981481 2.90450399194 3.05942651072 3.21408070981 3.3671192379 3.51705366154 3.66352683827 3.80725761259 3.94902340145 4.08983055266 4.23046045981 4.37159386834 4.51386757886 4.65753598212 4.80337240392 4.95179064134 5.10201657457 5.25502653505 5.41093586071 5.56942124843 5.72968615892 5.89115102393 6.05382171282 
