range:0-360 
center: -5.14802148342 0.822628228366 0.00842108218935
a: 0.00496257047687 -0.00725301888491 0.148460744182 -0.00410102600213 -0.000466650352957 0.00564418837243 0.00494419481586 -0.000973603545065 -0.000775862531818 0.000943592107567 0.00129840386153 9.94026092014e-05 -5.26019976251e-05 0.000633412723949 -0.000226703296463 -9.4821374266e-06 -2.94372417246e-06 6.69576487834e-05 -2.55212135383e-06 -6.39118742132e-06 3.41402896943e-05 -3.29425591929e-05 -6.22718586673e-05 4.57406891141e-05 -1.8791782445e-05 -1.45579724484e-05 1.20427037326e-05 5.26329413222e-06 -1.11724882467e-05 6.55424347881e-06 2.20458348164e-05 -1.61489854014e-05 5.36389347883e-06 6.01440871826e-06 7.53829082865e-06 -9.78468330376e-06 2.42585728792e-06 
b: -0.000101998630466 -0.0125703904287 -0.00554475567333 0.000316050375085 -0.000471066348359 
c: -0.00129263022513 0.160424935983 -0.00725302049684 -0.0021186096654 0.00582411239738 0.00701999914397 -0.00886185135987 -0.000876097319729 0.000749486501951 0.000777399225452 -0.00227406874988 -4.76342076904e-05 -0.000124709842565 -0.000294307910063 -0.000697064929088 7.91461793666e-06 -3.47959488495e-05 -6.50513698679e-05 3.30531695733e-06 -2.32795670364e-05 -5.06701741188e-05 -2.33353922559e-07 3.73268714475e-05 -3.86585110608e-05 -1.1332412761e-05 4.99801590788e-05 -1.0204839624e-05 -8.69346351248e-06 3.97010889592e-05 1.58708573598e-05 -1.82096478146e-05 -3.0090780991e-06 2.90220289677e-05 -1.40787487443e-05 -6.15806600242e-06 -9.54694544757e-06 1.17577181829e-06 
angles: 6.21906122333 0.0905313765838 0.246867150007 0.405660165833 0.566877438346 0.730096732836 0.895058012067 1.06121668846 1.22853568645 1.39653084411 1.56451747435 1.73206943278 1.89897357546 2.06496894961 2.22984371916 2.39341546329 2.55558810605 2.71730905425 2.87935374895 3.04182156848 3.20480277342 3.36747685254 3.52863891284 3.68738727443 3.84304860532 3.99567029823 4.14535314101 4.29245211245 4.43772821969 4.58210220663 4.72632574204 4.87080648705 5.01574185756 5.16138908748 5.30818473576 5.45661151706 5.60687601787 5.75889826013 5.91191348196 6.06534259105 
