range:0-360 
center: -5.11286076307 1.29534889758 0.0306172970333
a: -0.00765043238032 -0.0106787975954 0.206390362711 0.00269671544611 -0.0157786716746 0.00892675862101 0.00867746318613 0.00367850259701 0.00434071004605 0.000513063323221 0.00172559299532 0.00131424663541 -0.000612771041171 
b: 0.000930533038052 -0.00525193891757 -0.0161388740149 2.68681129653e-06 0.00159533164128 -0.00101319189556 -0.000356295753892 -0.000383954428089 -0.000178997716179 -6.21585823685e-05 -5.72990185385e-05 -9.11323622744e-05 8.33450055166e-05 
c: -0.0119272651996 0.226283636723 -0.0106792874496 -0.0080597381174 -0.0125897915622 0.0112262811797 -0.0123987280227 0.00338093409199 -0.00617330821726 0.000790679006192 -0.00296835465669 -0.000499305275466 -0.00128175039675 
angles: 0.0957099920668 0.240735743656 0.379011132746 0.51151246863 0.640031441673 0.766476053842 0.892829583399 1.02110208378 1.15337544405 1.29184702535 1.43831299684 1.5917611859 1.74772084747 1.904990163 2.06456526329 2.22573392941 2.38890069212 2.55490701805 2.7237655599 2.89363200049 3.06389920534 3.23528989968 3.40891164369 3.58446328297 3.76108177216 3.93931448006 4.11899286587 4.29929135359 4.47871738505 4.65640880089 4.83148398766 5.00279937071 5.16872330359 5.32844738833 5.48209352022 5.63124873217 5.77907994447 5.92851503698 6.07897972637 6.22922900831 
