range:0-360 
center: -5.14968005419 0.614274071157 0.0196078511421
a: -0.000703481853489 -0.0047246157019 0.135991704444 0.00164061090825 -0.00638792850033 0.00321621561251 0.00365611123274 -0.000267890579306 -0.0017969232374 0.00104436007298 0.000766486874308 -0.00040382848717 -0.000451641425836 
b: 0.000291264689334 -0.00353936759266 -0.010696310683 0.000167753016286 0.000502086878278 -0.000405719760553 -0.00012282391646 9.90864002047e-05 9.95661498979e-05 -0.000113712320124 -7.39415450755e-06 4.88589263838e-05 1.20347886062e-05 
c: -0.00872495543472 0.145199976247 -0.00472531869847 -0.0110635972058 0.000234981410524 0.00555294184005 -0.00623661452109 -0.00288388660804 0.00161173805645 0.00113442734919 -0.00198818445108 -0.000620137956274 0.000887101252837 
angles: 0.0204878240629 0.156580054632 0.291900624943 0.427340113311 0.563868662801 0.702355085109 0.843495885719 0.987806533156 1.13562628675 1.28708300874 1.44215914492 1.60097697165 1.76327802489 1.92860028673 2.09695282922 2.26786836689 2.44042599856 2.61339808775 2.78552855606 2.95638657241 3.12667931881 3.29838472262 3.4723613001 3.64791607378 3.8237920411 3.99878093506 4.17214589675 4.34327462754 4.51148025853 4.67648223516 4.83803274477 4.99626482001 5.15090517792 5.30249184331 5.45143386312 5.59817782611 5.74288748287 5.88576355231 6.02690577656 6.16617800518 
