range:0-360 
center: -5.15227783918 0.728763577342 0.00335119078809
a: 0.00474166804314 -0.00638753253951 0.143941440155 -0.00389758289047 0.0010781505462 0.00463354217027 0.0040202563382 -0.000487586596864 -0.000818830549721 0.00120506070872 0.000934976242159 -0.000296612107268 -0.000255468868665 0.000439438982649 -0.000137084956582 -5.84525179821e-06 4.80901616731e-05 8.69478440616e-05 -3.345532217e-05 -5.20710797654e-05 -6.55521109209e-06 3.29213153954e-05 -2.83291824404e-05 -5.35640437296e-06 2.29515200614e-05 -4.25692374303e-06 -1.37228520558e-05 1.44797877209e-05 1.14850864358e-05 -2.57871140926e-06 1.04175555565e-05 -1.28033052907e-05 -7.47343809437e-06 -2.32526164896e-06 -1.04044792231e-05 3.11069597843e-06 3.44867351006e-06 
b: -0.00020333150427 -0.0120441211623 -0.00542594812115 0.000218708480027 -0.000514206032035 
c: 7.5083469196e-05 0.153429317041 -0.00638753255167 -0.000927983678497 0.00558575324086 0.00546762029392 -0.00814152307904 -0.00118730381615 0.00120058341894 0.000512387642417 -0.00230292043256 -0.000113004628928 0.000416384185379 -0.000285503036325 -0.000658421458574 9.43745475506e-05 0.000113927010277 -0.00011496294694 -0.000132034762739 5.283971085e-05 5.60098875867e-05 -5.31761473003e-05 -1.21654091211e-05 3.64433976099e-05 -1.41389815377e-06 -1.11252968873e-05 1.65024753416e-05 2.0026264103e-06 7.70996770966e-06 -7.81130551485e-06 9.67295149552e-06 -1.99907897749e-06 9.38675105446e-06 -7.69410445512e-06 4.85956774521e-06 1.74069268342e-06 1.85892451575e-07 
angles: 6.21870145962 0.0930215102478 0.25238421625 0.414029136661 0.577765768259 0.743058884569 0.909623473151 1.07707022673 1.2450270005 1.41303729873 1.5806487135 1.74761966515 1.91381860651 2.0788644112 2.24237037593 2.40429692835 2.56476764883 2.72446880913 2.88451026277 3.04558227338 3.20701327229 3.36727192123 3.52522892857 3.68033202501 3.83249956701 3.98194608147 4.12911930364 4.27467729008 4.41934049018 4.56371512433 4.70826142226 4.85338574277 4.99943891644 5.14675803554 5.29557407406 5.44610800361 5.59842131676 5.75222482824 5.90705928252 6.06253093164 
