range:0-360 
center: -5.09603687525 1.63573343754 0.0464723977958
a: -0.0128645370755 -0.00720858650149 0.239894610985 0.00930470221467 -0.0168060579812 0.00567893304971 0.00989836334275 0.0034446982353 0.00803117457345 0.00187771788495 0.00139363820316 0.000169622981927 -0.000156692540977 
b: 0.00125074485302 -0.0065764904812 -0.0188993185481 -0.000739955687575 0.00177986746189 -0.00086558661604 -0.000553142421524 -0.00050887924006 -0.00054136183343 -0.000257965452416 -7.97073030126e-05 -3.91476010421e-05 1.65140659223e-05 
c: -0.00841222749789 0.265160267052 -0.00720044651388 -2.30580308173e-05 -0.0164008007106 0.0153379787991 -0.00870291561786 0.00870440471589 -0.0036285298676 0.0040243329266 -0.00115702043093 0.00095150047305 -0.000149745117106 
angles: 0.109141470329 0.264488132718 0.417971665183 0.564134536616 0.702123274755 0.834047773732 0.962592541571 1.09028497154 1.21929422576 1.3514248281 1.48801496789 1.62923428622 1.77420038396 1.92310234541 2.07512422193 2.22833706053 2.38358465983 2.54241532162 2.70394239864 2.86815429924 3.0348586785 3.20322487709 3.3732314697 3.54498879519 3.71864549497 3.89421563142 4.07100436419 4.24829110884 4.42653762955 4.60580000106 4.78539944764 4.96309230215 5.13623150833 5.30337763618 5.46556952086 5.62473643319 5.78063761162 5.93396393454 6.08556152896 6.23824421589 
