range:0-360 
center: -5.13854207993 1.10424122214 0.0250826291479
a: 0.00424091236011 -0.00948096707521 0.173193472923 -0.00664649477849 -0.00732031103196 0.00907673577485 0.00628715496967 0.00183748753675 0.00302339488559 -0.000424666711139 0.00117529148507 0.000647064329497 -0.000191040678925 
b: 0.000184910925232 -0.014716249307 -0.00638726266609 0.000364805313577 0.000139788333556 
c: -0.00445458551459 0.188282079261 -0.00948114975123 -0.00158923619544 0.00183537881766 0.00879703218205 -0.00988650027408 0.00269677228566 -0.0029774912588 0.00134340535839 -0.00123377042984 -9.28856325309e-05 -0.000526013331784 
angles: 6.24005098681 0.106635445689 0.25645363401 0.407310113888 0.560205745577 0.715691565916 0.874112817243 1.03551146113 1.19958541002 1.36557793206 1.53245711751 1.69924410511 1.86533352903 2.03056374941 2.19550624915 2.3604909122 2.5254128613 2.6901237403 2.85471632761 3.01934459203 3.18425742882 3.34888778158 3.51264800437 3.67579414631 3.83799325749 3.99829707734 4.15625826702 4.31161213391 4.46441188128 4.61468672225 4.76281265562 4.90947054419 5.05550126986 5.2013270712 5.34727464856 5.49383395466 5.64154434182 5.79055604865 5.94022743691 6.0900811501 
