range:0-360 
center: -5.14122592211 1.01019018292 0.0215279978583
a: 0.00459566057522 -0.00955367226482 0.160705045851 -0.00542039321288 -0.00410046482152 0.00861696601092 0.00641132283725 -5.03568819179e-05 0.00140253675862 0.000404749140589 0.00073237078625 0.000725210356017 0.000351380012512 0.00056973981188 0.000211849644825 5.93368906789e-05 -8.64317656747e-05 5.49026247193e-05 -0.000232917028829 6.80944478637e-05 7.15350159587e-05 -7.70270080638e-05 -1.31380442346e-05 5.40614803152e-05 -3.64849405848e-05 -1.38010465788e-05 2.32693911006e-05 -2.66580481354e-05 -8.87678366659e-06 -1.09908032795e-05 1.68797097616e-05 -8.75943398806e-06 1.69269570195e-06 4.52348562494e-06 -2.11078715925e-06 6.54464959229e-06 8.85816186656e-06 
b: 2.15173182513e-06 -0.0136458190652 -0.00586577104553 0.000250501656909 -0.000155324846186 
c: -0.00239270157412 0.174990091795 -0.00955367131262 -0.000684937807032 0.00377092592618 0.00787372186788 -0.0104903757754 0.00201299154208 -0.00169982540102 0.000730027469508 -0.00146865935448 0.000259075659836 -0.00102497205871 -0.000214193001932 -0.000494169946769 -5.8721236477e-06 -0.000240422415901 -0.000193126503006 0.000130470060082 9.02922900552e-06 -0.000112987407018 5.29185034097e-05 0.000108337374941 -2.60122321031e-05 9.17099770445e-06 4.27655957826e-05 1.75077555662e-05 1.9346640731e-05 3.65786339858e-05 2.59895129281e-06 -7.32388861106e-06 2.65191172564e-05 1.18466957704e-06 -1.19663093487e-05 -1.35565717656e-05 1.55179203086e-05 -1.32310647223e-06 
angles: 6.23088515623 0.100169688842 0.253437096391 0.408520107388 0.566064308141 0.726109692105 0.888619925339 1.05325730372 1.21930340792 1.3861998947 1.55328140522 1.71999805363 1.88590796733 2.05091956323 2.21530582996 2.37917013165 2.54244549388 2.70561083863 2.86896294784 3.0321538271 3.1949172481 3.35711287464 3.51876174702 3.67908850251 3.83750684957 3.99344580958 4.14678025804 4.29756387113 4.44611455692 4.59300395243 4.73891491364 4.88453930583 5.03037657104 5.17667371885 5.32375889308 5.47212400506 5.62213372426 5.77373872946 5.92611492706 6.07852151191 
