range:0-360 
center: -5.15768181086 0.443814402074 0.0203865044517
a: 0.00151934731956 -0.00300081103211 0.135468330611 -0.000141486190895 -0.00488283086349 -3.16198502951e-05 0.00578079086663 -0.000819416713661 -0.0012074454952 0.00229255364066 0.00108345027527 -0.00034873293483 -0.000219659948038 
b: 4.79456203265e-05 -0.00380032281019 -0.0107011545664 0.000217458336028 0.000310583695142 -0.0002278487062 -0.000297384926742 0.000107276635598 4.38380797269e-05 -0.000227955188146 1.57064820382e-05 3.02499729266e-05 -1.84050101842e-06 
c: -0.00626249620867 0.149789217286 -0.00300097753669 -0.00764664139267 0.00289450829644 0.00854294723691 -0.0060341375592 -0.00155990123157 0.00193810834606 0.00168667786301 -0.00378048920422 -9.23373316795e-05 0.000716696569216 
angles: 6.26334698907 0.123831735521 0.267451905004 0.412179101061 0.559213477247 0.708568803004 0.860032354778 1.01363519958 1.16923077343 1.32697621314 1.48676698869 1.64865433889 1.81314455711 1.98036074092 2.14957493107 2.31944036897 2.48886313609 2.65725319156 2.82437651757 2.99087346318 3.15816662596 3.32698926544 3.49666378317 3.66588453788 3.83371751239 3.9998191079 4.16424560696 4.32687218484 4.48776297049 4.64667441159 4.80312582221 4.95658911424 5.10690436397 5.25446088325 5.39989262107 5.54404584314 5.68768896493 5.8313148288 5.97515348878 6.11928966275 
