range:0-360 
center: -5.14122592211 1.01019018292 0.0215279978583
a: 0.00459591647615 -0.0095531097656 0.160704812045 -0.00542021002713 -0.00410112651488 0.00861791084934 0.00641072226697 -4.71512324947e-05 0.00139964310928 0.000402026593421 0.000732595324971 0.000725302567201 0.000369644282815 
b: 2.15173182513e-06 -0.0136458190652 -0.00586577104553 0.000250501656909 -0.000155324846186 
c: -0.00239277453898 0.174989714635 -0.00955390055477 -0.00068542962864 0.00377082621866 0.00787253043245 -0.0104907016011 0.00200890222691 -0.00170070531165 0.000730632914131 -0.00146845558917 0.000271520800153 -0.00103498119353 
angles: 6.23088515623 0.100169688842 0.253437096391 0.408520107388 0.566064308141 0.726109692105 0.888619925339 1.05325730372 1.21930340792 1.3861998947 1.55328140522 1.71999805363 1.88590796733 2.05091956323 2.21530582996 2.37917013165 2.54244549388 2.70561083863 2.86896294784 3.0321538271 3.1949172481 3.35711287464 3.51876174702 3.67908850251 3.83750684957 3.99344580958 4.14678025804 4.29756387113 4.44611455692 4.59300395243 4.73891491364 4.88453930583 5.03037657104 5.17667371885 5.32375889308 5.47212400506 5.62213372426 5.77373872946 5.92611492706 6.07852151191 
