range:0-360 
center: -5.14393254518 0.916390423477 0.0148536641878
a: 0.0050828206015 -0.00898006728008 0.154048337047 -0.00485907765461 -0.00241680618187 0.00767011058114 0.00611916393122 -0.000896214867322 0.000167790743793 0.00064952928345 0.00100486568889 0.000583078363667 0.00033028773296 
b: -5.10088158876e-05 -0.0130952929275 -0.00563771890823 0.000297144537564 -0.00035117676617 
c: -0.00198796242235 0.167844515984 -0.00898124859219 -0.00156081133696 0.00530474630857 0.00767618745075 -0.0102929847166 0.000676995480937 -0.000454300018429 0.000556893475128 -0.00196959866949 0.000219162297314 -0.000794899758542 
angles: 6.22144634554 0.0913479808537 0.245803021156 0.402639486152 0.562093133252 0.723985269701 0.888173229294 1.05413071918 1.22145620998 1.38955153802 1.55784380351 1.72568295295 1.89262373645 2.05855998834 2.22357317697 2.38762742428 2.55082106617 2.71361887553 2.87693411897 3.04052347869 3.20362426707 3.36636487594 3.52817771013 3.68806840111 3.8454028356 3.99968350017 4.15085893962 4.29914492799 4.445115072 4.58966889097 4.73373745131 4.87796754304 5.02264130719 5.16792390978 5.31421442134 5.46206413445 5.61191842149 5.76371263463 5.9162812387 6.06884901084 
