range:0-360 
center: -5.07285519838 1.9747195065 0.0954197680229
a: -0.0144547079902 0.00189858279304 0.226537016387 0.0141671836565 0.0086866908713 -0.00635124523371 0.0155685379084 -0.00192979183216 0.00245839611361 0.00391718716947 0.000769531477939 0.0016339080477 0.000423536867007 
b: 0.000817346954841 -0.00712571366785 -0.018081455915 -0.00155980785759 -0.000294476443402 5.98544919185e-05 -0.00117053199003 2.19817658039e-05 -0.000128113992056 -0.000318316818913 7.32446115876e-05 -0.000183286245651 3.80550596442e-05 
c: 0.0123534365627 0.258647873631 0.00189631342467 0.0160287231522 -0.0147193800329 0.0165264341191 -0.00254356476985 0.0048808029309 -0.0025044835548 0.000242921376244 -0.00498737977787 0.00197386423579 -0.00266099045634 
angles: 0.114042791848 0.291804353812 0.465323194454 0.632599112792 0.797375099143 0.961007741328 1.12188314354 1.27792278498 1.42709204396 1.56793723982 1.70044730805 1.82622941172 1.94802802274 2.06903475838 2.19187585773 2.31831593903 2.44887972536 2.58275972508 2.71895575522 2.85676362698 2.99764373997 3.14296750894 3.29353887226 3.4488467937 3.60741357508 3.76870647505 3.93245826142 4.10021086422 4.27232233087 4.44750639997 4.62394437025 4.80242828303 4.9840080923 5.16790768868 5.35107120652 5.53090720565 5.70636609255 5.87842164679 6.04945557629 6.22124693857 
