range:0-360 
center: -5.02750644684 2.31234596968 0.129368862906
a: -0.00633195380593 0.00352988237604 0.237744097675 0.00986770437005 0.0254098326939 -0.00275006363085 0.0154374049245 -0.00196666413186 -0.000828024789604 -0.000580675496448 -0.00147282035636 -0.00096440124853 0.00111361635655 
b: -0.000196144511169 -0.00746338944039 -0.0190175556057 -0.00150033135642 -0.00194713173624 -0.000136217727685 -0.00134459958328 0.000104010257861 -7.17296529403e-05 6.69338953425e-05 8.99301885954e-05 3.39338065495e-05 -0.000147220976304 
c: 0.0259632031994 0.266356346454 0.0035330002266 0.0265129803231 -0.00279042580176 0.0131681182411 0.00429991520156 0.00194724883725 0.0051049182728 -0.000767626779773 0.00101223131684 0.00158773510414 0.00217190406815 
angles: 0.0462927818212 0.223924401015 0.403130494258 0.584626884379 0.767162325094 0.950473399841 1.13535158584 1.3196218793 1.49890589397 1.66658347476 1.82011090569 1.96156315197 2.09392899121 2.22008236739 2.34261980386 2.46361546384 2.58425171888 2.70531825118 2.82688522875 2.948904863 3.07157602245 3.19548110666 3.32219299198 3.45388013219 3.59194197309 3.73385291659 3.87886244898 4.02875172988 4.18327911894 4.34127030473 4.50759200714 4.68455976957 4.86755929183 5.05221590551 5.2373758976 5.4223054954 5.60600184209 5.78893895267 5.97117989768 6.1514569078 
