range:0-360 
center: -5.15650936365 0.634902977943 -0.00178189278816
a: 0.00448608788091 -0.00532438446712 0.138002927586 -0.00357858049202 0.00279754574511 0.00363067969828 0.00401297281324 -0.000421618579237 -0.00122997313105 0.00127602383049 0.000542886205675 -0.000345032984903 -0.000197057776178 0.000321625661132 8.44367463028e-06 -7.81885999138e-05 -1.43787701066e-05 6.43346179298e-05 -1.04668655018e-05 -5.35164325865e-05 3.35932775618e-05 2.5540324677e-05 -1.60634664334e-05 -4.79427659294e-06 3.68531303641e-06 1.78251854207e-05 -9.27224734622e-06 -3.23916120519e-06 9.72292452001e-06 -4.99315933201e-06 -8.52502144755e-06 -3.83726789047e-06 -1.50581187004e-06 -1.83125725754e-06 2.30644638472e-06 9.37278306931e-07 4.77351755191e-06 
b: -0.000300382861849 -0.0115741139486 -0.00526460764348 0.000136922070398 -0.000570364722509 
c: 0.00140802117128 0.14703642844 -0.0053243837949 1.84964951188e-05 0.00539359400086 0.00502052864455 -0.00701808827733 -0.00154907638366 0.00139339449796 0.000464670288022 -0.0021113852199 -0.000122046938733 0.000626742720813 -8.66575704583e-05 -0.000513736842963 8.9387046384e-05 0.000203522244293 -8.4631840988e-05 -0.000127779139649 7.01697025341e-05 7.18208589408e-05 -5.81016594345e-05 -3.79115522076e-05 3.28910902547e-05 1.35221458027e-05 -3.27733459079e-05 5.4359755039e-06 1.94856544769e-05 5.52331271235e-06 -1.50057599668e-05 1.82085675445e-05 1.12743705307e-05 -1.42976407003e-06 -8.82423693338e-06 1.11068864165e-05 8.62079733253e-06 -4.72062414879e-06 
angles: 6.21887067933 0.0962021663544 0.258474583743 0.422734347598 0.58875674203 0.756077873576 0.924226782988 1.09278790502 1.26143806361 1.42983712487 1.59768665257 1.76467708309 1.93038045339 2.09441965368 2.25646609986 2.41654855238 2.57500704882 2.73257543689 2.89033058443 3.04922939939 3.20826900058 3.36576131825 3.52064660301 3.67245573757 3.82143857321 3.96802433937 4.11296637993 4.25694403048 4.40058111537 4.54441985582 4.68899202707 4.83474983855 4.98202801396 5.13104401859 5.28191160086 5.43470724229 5.58915500157 5.74495549327 5.90192546893 6.05986223669 
