range:0-360 
center: -5.15227783918 0.728763577342 0.00335119078809
a: 0.0047420287056 -0.00638770633925 0.143941646964 -0.00389666622892 0.00107751125091 0.00463333685628 0.00402118096051 -0.000485487849105 -0.000821467349388 0.00120312286601 0.000936911322307 -0.000292485885592 -0.000241611525906 
b: -0.00020333150427 -0.0120441211623 -0.00542594812115 0.000218708480027 -0.000514206032035 
c: 7.50372493765e-05 0.153429653162 -0.00638745450014 -0.000929198791614 0.00558474774162 0.00546923278629 -0.00814137775949 -0.00119198816614 0.00119786673638 0.000516279311222 -0.00229988716764 -9.27029575272e-05 0.000407365124517 
angles: 6.21870145962 0.0930215102478 0.25238421625 0.414029136661 0.577765768259 0.743058884569 0.909623473151 1.07707022673 1.2450270005 1.41303729873 1.5806487135 1.74761966515 1.91381860651 2.0788644112 2.24237037593 2.40429692835 2.56476764883 2.72446880913 2.88451026277 3.04558227338 3.20701327229 3.36727192123 3.52522892857 3.68033202501 3.83249956701 3.98194608147 4.12911930364 4.27467729008 4.41934049018 4.56371512433 4.70826142226 4.85338574277 4.99943891644 5.14675803554 5.29557407406 5.44610800361 5.59842131676 5.75222482824 5.90705928252 6.06253093164 
