range:0-360 
center: -4.96969270706 2.99201644659 0.130484285334
a: -0.00590295481453 -0.00397941686129 0.318382743077 0.00878688860312 0.0122182753614 0.00392562546617 0.0135655738489 -0.00332709959194 0.00327617279495 0.000757684612603 -0.000737485884332 0.00115715132398 0.000230480384769 
b: 3.19089682293e-05 -0.00897138634312 -0.0252331376876 -0.00124562023019 -0.000891074809303 -0.000649427664244 -0.000970972367033 0.000136300607048 -0.000326820972426 -5.11729962668e-05 4.05537326e-05 -0.000126077754071 -2.44684573972e-05 
c: 0.0162397943561 0.344444466361 -0.00397853044348 0.0202563492577 -0.00301798933551 0.0124969791577 -0.00403112018147 0.00476507979314 0.00245048955352 -0.000337635124712 0.000673522337207 0.00126002728801 0.000227062334402 
angles: 0.0297318396348 0.198432615855 0.368043929281 0.537856930624 0.707308858515 0.875618074094 1.04237836849 1.20724687754 1.36917799433 1.52647166816 1.67804773171 1.82534189244 1.9703637873 2.11379893568 2.25622717501 2.39811740625 2.5397669387 2.68102494541 2.82191130163 2.96266407597 3.10366769714 3.24561634709 3.38915006475 3.5345153429 3.68178622053 3.83134138859 3.9833781177 4.13818302915 4.29621063396 4.45765510588 4.62140836841 4.78654392535 4.95384172505 5.12317109121 5.29395113189 5.46501762665 5.63565781797 5.80580378936 5.97546904996 6.14451766498 
