range:0-360 
center: -5.15650936365 0.634902977943 -0.00178189278816
a: 0.00448631593666 -0.00532479609991 0.138003026282 -0.00357770827006 0.00279735604626 0.0036298533202 0.00401367590403 -0.000419289978491 -0.00123111920848 0.00127385925065 0.000543320075507 -0.000347978417532 -0.000186874894732 
b: -0.000300382861849 -0.0115741139486 -0.00526460764348 0.000136922070398 -0.000570364722509 
c: 0.00140795825558 0.14703668526 -0.00532409159118 1.79318146731e-05 0.00539249739076 0.00502200527203 -0.00701704702114 -0.00155190971072 0.00139019618978 0.000466868386244 -0.00210800041871 -0.00010572481821 0.00062778024326 
angles: 6.21887067933 0.0962021663544 0.258474583743 0.422734347598 0.58875674203 0.756077873576 0.924226782988 1.09278790502 1.26143806361 1.42983712487 1.59768665257 1.76467708309 1.93038045339 2.09441965368 2.25646609986 2.41654855238 2.57500704882 2.73257543689 2.89033058443 3.04922939939 3.20826900058 3.36576131825 3.52064660301 3.67245573757 3.82143857321 3.96802433937 4.11296637993 4.25694403048 4.40058111537 4.54441985582 4.68899202707 4.83474983855 4.98202801396 5.13104401859 5.28191160086 5.43470724229 5.58915500157 5.74495549327 5.90192546893 6.05986223669 
