range:0-360 
center: -5.12925387621 0.954524254799 0.0298126870985
a: -0.00330551382239 -0.00930943470817 0.155844848465 0.00286846672627 -0.00750550176453 0.00782807040016 0.00700095675087 -0.00037419182405 -0.000413023122388 0.000983384439042 0.000884824603677 0.000881745584544 6.69844512428e-05 
b: 0.000478322172714 -0.00386771003786 -0.0121529005237 -3.1711188643e-07 0.000698180145983 -0.000840548298672 -0.000266348035931 4.41155024924e-05 6.60545208334e-05 -8.29382074158e-05 -1.71129988028e-05 -6.35512268243e-05 1.49098546685e-05 
c: -0.00798175049415 0.170908842202 -0.00930674154742 -0.00845449408819 -0.00373863276222 0.00806595307251 -0.010786784769 -0.000531198658541 -0.0012306137391 0.000173124299988 -0.0019766634096 -0.00024564111582 -0.000750820721818 
angles: 0.0588795862699 0.201965966964 0.341675503298 0.4788663305 0.614593443838 0.749996085548 0.886245266155 1.02441448642 1.16547122919 1.31021104819 1.45903614022 1.61247682018 1.77043490322 1.93226402034 2.09625213663 2.26114162592 2.42711050169 2.59406558047 2.76119262276 2.92759721742 3.09458636135 3.26328441844 3.43353717526 3.60566911149 3.77980595923 3.95541181841 4.1313668738 4.30619410532 4.47842936449 4.64734704024 4.81326360782 4.97707425494 5.13820664075 5.29574789887 5.44944301055 5.59993112702 5.74899573148 5.89814252781 6.04740755944 6.19577897105 
