range:0-360 
center: -6.13325328827 3.97797723412 0.100321771973
a: 0.00210735255755 0.00331164256425 0.133198440191 -0.00209131726489 0.00144953172492 -0.00316079928588 0.00642833965789 -0.000279869889571 -0.000603009052124 -0.00019331179586 0.000683115978517 0.000220595663363 4.68524841749e-06 
b: -0.000787407285783 0.0450504958267 -0.0675232193754 0.00123060418511 -6.91789749635e-05 0.00427049275002 -0.00226425098432 
c: 0.000941823231455 0.148026004986 0.00331153970542 0.000434190506324 0.00212291489354 0.00839927148686 0.00346232487878 -0.000412110419696 -0.000249753964247 0.00130001850942 6.01903601009e-05 0.000184174737797 -0.000314217551049 
angles: 6.25409329605 0.118303635487 0.260766182523 0.4000862728 0.538088624116 0.676562328142 0.817279858433 0.961990576305 1.11237706559 1.26986631708 1.43536413476 1.60892915414 1.78946631905 1.97480159731 2.16194018966 2.34727970667 2.52750868396 2.70058815393 2.86548147141 3.02203013974 3.17097877875 3.31350234596 3.45085122318 3.58450812038 3.71613119258 3.84727684254 3.97965943122 4.11496466324 4.25478277913 4.40057716544 4.55346632729 4.71406347333 4.88222755762 5.0567918709 5.23569137759 5.41613360784 5.59513685487 5.77003301074 5.93879282354 6.10019596899 
