range:0-360 
center: -6.31905038357 3.63282365203 0.206582257338
a: -0.000987050846261 0.00546066338116 0.0801831614112 0.000103560554476 -0.000135416766667 -0.00421466990141 0.00793703407674 0.000298333263621 -0.000408673719056 -0.00100880746959 0.000393654225834 0.000421706863894 -0.000178585241869 
b: 0.000312437665458 0.0277524525717 -0.0395542714406 -0.000432489030005 -0.00050362531476 0.00493541591039 -0.00200014515761 
c: -0.00062007787409 0.0967630354234 0.0054605186969 -0.00110479160079 -0.00187033989743 0.00864301380326 0.00670620460859 -0.000562740936605 -0.00146863842749 0.000345987592307 0.00150397108839 1.24260852195e-05 -0.000769870437456 
angles: 0.0216135738977 0.164091221648 0.301511103179 0.43552465817 0.56768072458 0.699673411661 0.833123485222 0.969641232548 1.11064285132 1.25742683711 1.41108025976 1.57229672012 1.74108372999 1.91642271797 2.09632475871 2.27794898207 2.45813904608 2.63397144271 2.80345264183 2.965653204 3.12049038658 3.26857782009 3.41098905746 3.5495936847 3.68645594163 3.82363822092 3.96313246027 4.10683875165 4.25644745128 4.41332552905 4.57827264443 4.75123845667 4.93103977409 5.11531737381 5.30096435493 5.48465704133 5.66351060193 5.83549806447 5.99972848043 6.15596453297 
