range:0-360 
center: -6.18106564283 3.89236134887 0.126793993439
a: 0.000611077422021 0.0025673252734 0.116619690199 -0.000536125034068 0.00151046257021 -0.00264470730715 0.00685793916938 -0.000327083838643 -0.000950800067329 5.08431559311e-05 0.00061696990502 0.000269554404179 -2.91459695602e-05 
b: -0.00012395657409 0.0403433525458 -0.0592235287703 0.000206697647422 -0.000538222995214 0.00400809736572 -0.00277844936191 
c: 0.00060352629568 0.131911363756 0.00256731855739 -0.000303347168571 0.000686003152735 0.00843373321825 0.00248999047026 -0.000862841422307 -0.000177585337606 0.00096572962046 -0.000130891327626 0.000123289965695 -0.000242398768821 
angles: 6.272251561 0.135348814403 0.276639003984 0.414601227712 0.551011496713 0.687641404509 0.826258991769 0.96859631158 1.1162995 1.27074977533 1.43285100304 1.60274653509 1.77956955429 1.96138665881 2.14540990862 2.32843448431 2.507412687 2.68009522803 2.84525699043 3.00256947704 3.15246209396 3.29592346659 3.4343455379 3.56927082269 3.70234988705 3.83531346326 3.969880909 4.10776405893 4.25060353062 4.3998339587 4.5565304622 4.72115119463 4.893318686 5.07162204661 5.25364319906 5.43632457804 5.61649801905 5.79144800111 5.95935530912 6.11951380863 
