range:0-360 
center: -6.08473744392 4.06374340653 0.0754705530126
a: 0.00392592360441 0.00350798492247 0.150758313346 -0.0041210355709 0.00203756714176 -0.00303263920341 0.00598592621817 4.7969473232e-05 -8.53209230834e-05 -0.000532314833148 0.000975179697358 9.10466061379e-05 2.02673157493e-05 
b: -0.0013705584998 0.0503064508801 -0.0765011220261 0.00277604334892 0.00012452530876 0.00416195203569 -0.00188401865185 
c: 0.00205954325623 0.164988032775 0.00350788712834 0.00208143747546 0.00373035882622 0.00824384985028 0.00398298474748 0.000129196971657 -0.000343814754837 0.0012833173402 0.00039072878783 0.000191109518188 -0.00021151711613 
angles: 6.23600201935 0.102635865041 0.247525912124 0.389333681101 0.529853665059 0.670982731539 0.814644359713 0.962575037425 1.11645329618 1.27757264509 1.44670624885 1.62375177892 1.80769686909 1.99608318397 2.185633472 2.37244257066 2.55312702238 2.72559273713 2.88909806203 3.04382842218 3.19085970577 3.33119332984 3.46602749051 3.59705488121 3.72584513745 3.85395016293 3.98294257003 4.11447334765 4.25021239792 4.39170948335 4.54024525092 4.69657979829 4.86086570057 5.03228680247 5.20905998983 5.38856686816 5.567870753 5.74430753694 5.91549134796 6.0795732959 
