range:0-360 
center: -5.99103031159 4.23622295857 0.0233507967554
a: 0.00581312128085 -4.37750870709e-05 0.174950846288 -0.00632157023372 0.00253677548105 0.000612092347454 0.00693504016844 -7.7695973882e-05 0.000313607465298 -0.000716706943988 0.000516225117177 0.000449101614815 -8.34900113486e-06 
b: -0.00205029425982 0.0601529153401 -0.0900791055752 0.00431193864334 0.000337679780447 0.00238931829632 -0.003447459127 
c: 0.00298358651921 0.190372799785 -4.418343161e-05 0.00342992892517 0.00530376183418 0.00848702131533 0.000523561254909 0.000581280509543 -0.00109805254506 0.00102890519249 0.000368439257231 0.000266887512437 -0.000734003837677 
angles: 6.22215932528 0.0897087948348 0.235853410507 0.379293053858 0.521951449456 0.665565158696 0.811806483172 0.962486595622 1.11931073056 1.28345281804 1.45537439944 1.63468695979 1.82002276 2.00929025251 2.19961740056 2.38753714541 2.56952255513 2.74298406225 2.90680097804 3.06112504693 3.20726929489 3.34630546858 3.47961724474 3.60872290384 3.73528182664 3.860782249 3.9867096622 4.11476201779 4.24675569018 4.38444249509 4.52936158085 4.68264162641 4.84461674524 5.01478221439 5.19106776378 5.37062512834 5.55040069715 5.72763291855 5.89978825542 6.06478548817 
