range:0-360 
center: -6.27644748688 3.72156437635 0.181512836367
a: -0.00205640185097 0.0037531076049 0.0860653134239 0.000888133572672 0.0019298750245 -0.00294803847646 0.00668826673279 0.000926749992791 -0.000935270213982 -0.000557778130734 0.000593299271393 0.000185110097215 -3.91081793401e-05 
b: 0.00132657364813 0.029926488414 -0.0431246082887 -0.000558776494032 -0.00194740941465 0.00411123101717 -0.00202121280787 
c: 0.000844682817416 0.100875844551 0.00375302355617 -0.000240764023197 -0.00322410955613 0.00812246872969 0.00455684843144 -0.00123680679803 -0.00140597231709 0.000884410129837 0.00104604656228 -0.000267636797726 -0.000292823493206 
angles: 0.0400008466365 0.185679474228 0.326036838799 0.46271796665 0.597357322043 0.731517850418 0.866579393204 1.00415536755 1.14574229335 1.29253662587 1.44519912135 1.60392116552 1.7683138364 1.93740999234 2.10972502191 2.28330404341 2.45593694105 2.62553892747 2.79035548248 2.94920738776 3.10155303115 3.24739960201 3.3875011015 3.52382949046 3.65865088057 3.79384007708 3.93149444388 4.07362223593 4.22225796751 4.37907007005 4.54519221569 4.72081122345 4.9047186099 5.09437661965 5.28633657497 5.47676232718 5.66220000894 5.84038939378 6.00996449374 6.17062504568 
