range:0-360 
center: -6.03751353025 4.14996372461 0.0499531785477
a: 0.00505845061673 0.00267420634228 0.165876477831 -0.00511400564189 0.00244897816933 -0.00187277605903 0.00646624350208 -0.000171349807714 0.000417799923744 -0.000871721281205 0.000869660107771 0.000157617834181 -0.000118515516709 
b: -0.00171294445702 0.0557837415524 -0.0845481808658 0.00362935311137 0.000294493894459 0.00370643811146 -0.00229120441781 
c: 0.00282155105364 0.180970883603 0.00267416019656 0.0031937931332 0.00500222977318 0.0086282404438 0.00347530312464 0.000327452564901 -0.000284711562347 0.00129389735205 0.00069345206818 2.11145544626e-05 -0.000297887666112 
angles: 6.22767240098 0.095492981529 0.241656490879 0.384806400161 0.526643018443 0.669138994794 0.814314299094 0.963948557287 1.11968202138 1.28274938788 1.45367667288 1.63223330943 1.81720744819 2.00628265527 2.19661870123 2.38418610624 2.56530181407 2.73759379398 2.90055629025 3.05449027204 3.20057253086 3.33970617333 3.47336570606 3.60303647436 3.73026820493 3.85661274444 3.9836134245 4.11299452059 4.24649319661 4.38572638844 4.53204659673 4.68640950857 4.84915184233 5.01951187005 5.19573962778 5.37512851699 5.55491969559 5.73220046516 5.90450693141 6.06988992662 
