range:0-360 
center: -6.22876784802 3.80721281767 0.154926022608
a: -0.000826355101217 0.00249177127289 0.100396430952 0.000455331597991 0.00242083072863 -0.0025054862317 0.00674993510736 -3.07274176281e-05 -0.00111509714578 -3.16835225564e-06 0.000541420720344 0.000361220210694 -3.21206005299e-05 
b: 0.000797210450492 0.0350789926003 -0.0508960135476 -0.000247470387942 -0.00158180587294 0.00380485377345 -0.00271794326732 
c: 0.00117564724542 0.115126215511 0.0024917871239 -6.95342028698e-05 -0.00119734517393 0.00797977845445 0.00247799376771 -0.00137488936175 -0.000772515655851 0.000690528042115 -4.292366368e-05 -0.000241707468841 -0.000430818674962 
angles: 0.0115993558385 0.158606510768 0.300350548755 0.438480861395 0.574695618742 0.710781521837 0.848490767566 0.98950326802 1.13538593379 1.28740919869 1.44626563061 1.61192333868 1.78358587445 1.95975766822 2.13820832592 2.31632302079 2.49147038678 2.66144275013 2.82481014995 2.98096686602 3.13009245791 3.27301639954 3.41097154419 3.54551054873 3.6784534923 3.81162019757 3.94684722342 4.08599683737 4.23089660839 4.38306129696 4.54361566554 4.71291929994 4.89036960587 5.07416967485 5.26144502213 5.44869971845 5.63244744214 5.80989730914 5.97955602943 6.14105159475 
