range:0-360 
center: -5.90236238241 4.40907291174 -0.0358110395493
a: 0.00557697237074 -0.00858287369039 0.170169369405 -0.00753574803113 0.000154638815374 0.00785396350332 0.0072103712104 0.00147716130321 7.67760870827e-05 0.00065455558489 0.000559212598152 0.000208754163523 0.000433821184321 
b: -0.00275094465894 0.0633526353004 -0.0903186322606 0.00399360277878 0.00107761100931 -0.00113612750548 -0.00670271229086 
c: 0.000383918577922 0.18661260797 -0.0085828559464 0.00061229776426 0.00361571025837 0.00923377149391 -0.00931060696239 0.000386756759578 -0.0024485399086 0.00147112071055 -0.000878176480777 -0.000174344036815 -0.000704698879808 
angles: 6.22429846384 0.0866125318961 0.228226113466 0.367973927195 0.507483422766 0.648590019613 0.793312223653 0.943184495802 1.09921784934 1.26222143103 1.43287144052 1.6110929753 1.79574164705 1.98463024816 2.17487900138 2.36373197771 2.54805794432 2.7249445825 2.89276845201 3.05157533022 3.20247723997 3.34664061201 3.48510759538 3.61870774391 3.74884753644 3.87726113707 4.0057652428 4.13614967472 4.27004040914 4.40910324414 4.55495955618 4.70887406015 4.8713507539 5.04166507396 5.21761288385 5.39581890319 5.57266000912 5.74584498324 5.91336322238 6.07283475827 
