range:0-360 
center: -5.94622508287 4.32258139849 -0.00567232887263
a: 0.0058908240238 -0.00496902254952 0.176090148674 -0.00784032231505 0.00149166117412 0.00443746255162 0.00655323226437 0.000840499660959 -4.5289369471e-05 0.000363007911154 0.00034441406528 0.000853997251171 0.000375836487889 
b: -0.00242659040372 0.0628777125419 -0.092225490795 0.00470530195969 0.000456217658443 0.000358389775698 -0.00514656558022 
c: 0.00192107842591 0.190983912037 -0.00497022092323 0.00235012848381 0.00393840123716 0.00834223849684 -0.00550259830893 0.000911026834877 -0.00306661875882 0.00145115866719 -0.000800749266947 0.000551735875861 -0.00135973195556 
angles: 6.22246711801 0.0871428955095 0.230594393803 0.372239578357 0.514115035079 0.657687283709 0.804181434213 0.954918391516 1.11145402103 1.27506222095 1.44637708558 1.62517272796 1.81020980026 1.99906861603 2.18893020925 2.37752065647 2.56100717137 2.73650092182 2.90249629165 3.05893802179 3.20696319924 3.34794229851 3.48320623578 3.61399223818 3.7417872597 3.86822443348 3.99490131403 4.12353173534 4.25590656937 4.39381833545 4.53893959922 4.69245010476 4.85473848725 5.02509999522 5.20155375061 5.38097327773 5.55973457207 5.73540402423 5.90578231267 6.06800307747 
