range:0-360 
center: -6.01417096853 4.19309381247 0.0368174488773
a: 0.00547159369883 0.00157701696096 0.171194888384 -0.00561245521963 0.00260062903527 -0.000741986650662 0.00683222917145 -0.000186811530718 0.000437763709526 -0.000915379050904 0.000725502662045 0.000216968898362 -0.000109190208402 
b: -0.00187069228238 0.0581781406863 -0.0876329203861 0.00394427313216 0.000317526537931 0.00316553189567 -0.00281054002716 
c: 0.00299574755949 0.186763009844 0.00157689680941 0.00339039934316 0.0053299770355 0.00873587571564 0.00241170035854 0.000352888423263 -0.000471059402972 0.00117891211418 0.000713562299989 1.07343317063e-05 -0.00043953420156 
angles: 6.22460222263 0.092559340927 0.238939417195 0.382417443841 0.524704173447 0.667740292802 0.813425372396 0.963650223652 1.12003185589 1.28374964086 1.4552861775 1.63434430968 1.81950780375 2.00870820212 2.19915208467 2.38687779475 2.56833635932 2.74101691691 2.90419798663 3.05808611135 3.20403918473 3.34308180883 3.47646997545 3.60578002855 3.73257594392 3.85843172376 3.98475925711 4.1133644981 4.24602668253 4.38437457161 4.52989560911 4.68364060927 4.84594188934 5.01613315828 5.19243111175 5.37193713458 5.55168956687 5.72898570295 5.90143531495 6.06678305599 
