range:0-360 
center: -5.11181157827 1.76993693113 0.0872301442666
a: -0.00449251111018 -0.00404214850699 0.228766638625 0.00710830472253 -0.0221349671199 0.00470920487292 0.0169596238853 -0.00307988683085 0.00699356458138 -0.000800220356201 -0.000365934657016 0.000255927793733 0.000620158234744 
b: 0.00270533014213 -0.0397052517764 -0.0204327134193 0.000232610977842 0.00233257245172 
c: -0.0146949170272 0.263504050251 -0.00404283617666 -0.00725008858064 -0.00187256120729 0.0177686675275 -0.00336451162956 0.0078772453767 0.00216168629411 0.00119160228368 0.000545821645633 0.000342528658927 -0.000714269926194 
angles: 0.04233816878 0.186019499666 0.328735481636 0.469981679483 0.609006402464 0.745853979434 0.881425604576 1.01713971694 1.15497711188 1.29692671744 1.44560003488 1.60273214147 1.76727192916 1.93297336208 2.09935416059 2.26508443179 2.43012952059 2.59618923297 2.76345231878 2.93244621202 3.10341598636 3.27592702982 3.44962928829 3.62462566682 3.80027003859 3.976075299 4.15177899974 4.32719465686 4.50186711575 4.67448673406 4.84325156181 5.00714929061 5.16618347378 5.32040064285 5.46989312774 5.61513576495 5.75704519439 5.89775621588 6.03931882614 6.18181265399 
