range:0-360 
center: -5.12502992153 1.48399937451 0.0424270968535
a: 0.00164739365058 -0.00955704866489 0.231986825342 -0.00578150970789 -0.0231345913364 0.00739812238976 0.00950963288014 0.00315279647169 0.00798878526844 0.00124089695327 0.00142664486312 0.000892802287654 -0.000141683053137 
b: 0.00218229672984 -0.0379601337581 -0.0199352495069 0.00143095945227 0.00252832265065 
c: -0.0150973832259 0.255296977186 -0.00955868534101 -0.00706551337933 -0.00248512885764 0.0137753756249 -0.0117086814391 0.00805594070119 -0.00511130031805 0.00287093712606 -0.00307641101497 0.000312980037088 -0.00116743521645 
angles: 6.27667369336 0.134184789646 0.272960443003 0.409929163183 0.547300038849 0.68741245948 0.83199467953 0.981552830019 1.13618951524 1.29637058156 1.46201513977 1.63008621155 1.79750702329 1.96442240737 2.13060646444 2.29675050348 2.46432943093 2.63325045846 2.80337572444 2.97481518096 3.14748836924 3.3213728339 3.49613462106 3.67119710913 3.84556071676 4.01868166816 4.19070826786 4.36185971292 4.53099337809 4.69623474182 4.85651591376 5.01066631425 5.15869353696 5.3014352945 5.44035448532 5.57734775074 5.71456924435 5.85316517913 5.99330152512 6.13490162829 
