range:0-360 
center: -5.04104374647 2.33394243717 0.195949857356
a: 0.00306711637021 0.00580668736128 0.245885357235 0.000269356155026 0.00159406032841 -0.00517831653075 0.011883543859 -0.00200186724527 -0.00480692182173 -0.000350528748277 0.00125729690801 -0.000761608118175 0.00077978598032 
b: -0.000446718827954 0.0157210953021 -0.0262038029891 -0.000324917974262 0.000226314534399 
c: -0.00183997292338 0.270505809793 0.00580780314665 -0.00527322145848 0.00640065599258 0.0127359687195 0.0064350072781 -0.00205734577395 0.00466982262165 -0.000405814930615 0.000907326453425 0.00195467403775 0.00188704617848 
angles: 6.25780376771 0.130225516412 0.285774554666 0.441280238802 0.596998644875 0.753246197309 0.910360139944 1.06846527544 1.22755045543 1.38769792812 1.54893416376 1.71122913013 1.87440302909 2.03804245833 2.20150068434 2.36420189847 2.52588724196 2.68666482297 2.84685846416 3.00655641901 3.16571827088 3.32387860264 3.4809705992 3.63781588891 3.79438105493 3.95060132754 4.10645818445 4.26123972461 4.41503017214 4.56834236879 4.72147173431 4.87448934908 5.02746498055 5.18047428204 5.33359071932 5.48678498426 5.64008533617 5.79363278084 5.9476795653 6.10240774022 
