range:0-360 
center: -5.12046211958 1.57957028747 0.0555651322938
a: -0.000322516411354 -0.00808991246327 0.236914848084 -0.00298915733838 -0.0241024180261 0.00669267136477 0.0105987627389 0.00309313532964 0.00848019928324 0.00117168645186 0.000979128377661 0.000205075767263 -0.00022566760217 
b: 0.00246794504152 -0.0391002546168 -0.0206061106683 0.00122517989091 0.00279677628837 
c: -0.0157607914582 0.261937750429 -0.00808859535507 -0.00742354004498 -0.0036338549946 0.014401408366 -0.00948834790803 0.00818084409187 -0.00353464483241 0.00284784285834 -0.00161599609536 4.26273982489e-05 -0.000269311239057 
angles: 0.009465453917 0.15054483325 0.290038814668 0.427313898779 0.563545080312 0.700675214148 0.840813633351 0.98578981798 1.13645254865 1.29289808412 1.45495860113 1.62050723993 1.78648582168 1.95262300457 2.11836379404 2.28372286726 2.45058785336 2.61903609199 2.78898639229 2.96041944172 3.1331247804 3.3070821182 3.48213566204 3.65781122415 3.8331636172 4.00723605546 4.18044775748 4.35391420337 4.52581575639 4.69496329981 4.85906607196 5.016418464 5.1669540128 5.31169506641 5.45240939014 5.59149920047 5.73037530462 5.86942910979 6.00949457391 6.15077190793 
