range:0-360 
center: -5.11623198986 1.67494587004 0.0701914596837
a: -0.00245893138622 -0.00635444672995 0.235392358283 0.0017129551412 -0.0239725422757 0.00670181195282 0.0129119732041 0.00132995232433 0.00814837278126 -5.25099510712e-05 0.000415131844651 -0.000415664763918 -2.15333408354e-05 
b: 0.00267477599747 -0.0396074249699 -0.0207155639861 0.000801026986841 0.00271536765936 
c: -0.0157951354041 0.264237832043 -0.00634963995891 -0.00762072426565 -0.00319892104285 0.0159096106749 -0.00600920599741 0.00818347651231 -0.000172876611029 0.00260451747917 0.000650841538619 0.000198879252419 0.000756356940989 
angles: 0.0261494214157 0.168078946325 0.308946205168 0.447698165406 0.584032503759 0.719315047198 0.855590357147 0.99489510388 1.13923283979 1.28995299162 1.44736515706 1.61054180946 1.77572311179 1.94104628343 2.10715912567 2.27214347936 2.43797048063 2.60568001056 2.77484105621 2.94576959476 3.11818767422 3.29176523247 3.46666320477 3.64251257012 3.81847886006 3.99377778458 4.16885589914 4.34377627955 4.51753692503 4.68909916452 4.85589820831 5.01625802674 5.16999225003 5.31819905081 5.46291902954 5.60557827504 5.74652732365 5.88670262752 6.02678559881 6.16743731554 
