range:0-360 
center: -5.05155878067 2.24023063779 0.179962837626
a: 0.0022606191793 0.00408894745686 0.232093031926 -0.000492970109441 -0.000215315318011 -0.00377243880203 0.0100745439037 -0.00049283909135 -0.00420789507072 -0.000498125467555 0.000828907509188 -0.000887507644724 0.0012945237874 
b: 0.000199933163954 -0.0386842653112 -0.0220001897869 0.000829758778762 -0.000619646095727 
c: -0.002673107982 0.2518421723 0.00409042300333 -0.00513023393387 0.00402590919884 0.00967347937806 0.00440679988143 -0.000703263987523 0.00304243860651 -0.00122017684726 0.000120302359302 0.00218230737662 0.00164123438893 
angles: 6.26267827115 0.135689426022 0.292819520482 0.450538474502 0.608607274935 0.767094616659 0.925979543135 1.08504384732 1.24411411124 1.4031278299 1.56212064945 1.72114442772 1.88042799371 2.04002826689 2.19981146939 2.35955342389 2.51913258897 2.67876732856 2.83890634216 2.99974784597 3.16117066612 3.3225946484 3.48371259708 3.6450671428 3.80631826369 3.9670576366 4.12729855542 4.2858066855 4.4420223526 4.59626722943 4.74901794829 4.90055602393 5.05117098755 5.20119649396 5.35095994738 5.50080650039 5.65104617657 5.80205941561 5.95419307229 6.10772717461 
