range:0-360 
center: -5.08055963516 2.05088867545 0.153882004649
a: -0.00295665592057 0.0021975145867 0.221408551994 0.000142449935357 -0.00322304140903 -0.00575081204009 0.00868959473669 0.0027050173995 0.000140829626065 0.00301447557081 0.000501320600695 -0.00019773374081 0.00136983778208 
b: 0.000485077874891 -0.0366671534476 -0.0207319177715 -9.64154524201e-05 0.00117488857887 
c: -0.00137882891609 0.239687804491 0.00219760603461 0.000465634162973 -0.00576874897732 0.00958906943752 -0.00135449380538 0.00355016501258 -0.0029201651311 0.000406670929711 -0.00408496568423 0.00202577308635 -0.000410567432409 
angles: 0.0250084601123 0.182883416251 0.340568753215 0.49750161113 0.653484298085 0.808568194428 0.962973156606 1.11671069291 1.26967725504 1.42182230678 1.57320767094 1.72406733972 1.8747484013 2.02585678072 2.1780310046 2.33165441247 2.48659436253 2.64240277189 2.79899802217 2.95660831554 3.11566670494 3.27620178609 3.43791109095 3.60044074466 3.7634096404 3.92644806841 4.08936922247 4.25203070051 4.41434597453 4.57621632348 4.73740866464 4.89766597915 5.05684133803 5.21491781592 5.37195830859 5.52799055292 5.68331763072 5.83857335215 5.99436735245 6.15087605172 
