range:0-360 
center: -5.1029022932 1.86385367215 0.108611007337
a: -0.00481708677593 -0.000238941358628 0.224427897201 0.00751098374352 -0.015215086017 -0.00277577180204 0.0180845389855 -0.00497311378527 0.00263690111004 0.00262352088971 -9.56386584766e-05 0.00150073314254 0.00171273648365 
b: 0.00214370603925 -0.0395816581386 -0.0206260230869 0.000176892463981 0.0017071225627 
c: -0.0109083932145 0.260358244625 -0.000235396306412 -0.00660649353053 -0.00211789707454 0.0178487572287 -0.00324810997567 0.00598886569369 0.000432280355929 -0.000129605325407 -0.00338613928816 0.0016184568529 -0.00307722970377 
angles: 0.0420125936644 0.190520534271 0.337441829099 0.482857330943 0.62737157078 0.771019371361 0.913706350555 1.05566169811 1.19745592161 1.33994134056 1.48444559965 1.63262157357 1.78668364971 1.94746470302 2.11207359578 2.27759969551 2.441983135 2.60570226987 2.76988546573 2.93531075177 3.1027646074 3.27201053693 3.44243178238 3.61381506668 3.78596135501 3.95849058443 4.1309880262 4.30309814714 4.47419203574 4.64394606504 4.81187275749 4.97724056096 5.13907441146 5.29611096669 5.44764664631 5.59437277942 5.73870473286 5.88318650898 6.02905180715 6.17642563342 
