range:0-360 
center: -5.06587688923 2.14551947713 0.16707509135
a: -0.000266871631195 0.00353987811122 0.222174329633 -0.000342595826843 -0.00170597955461 -0.00502605586726 0.0076260767409 0.00104164532031 -0.00193002063228 0.000817322104236 0.000734579251606 -0.00043921340867 0.00153164877145 
b: 0.000320173514252 -0.0363877267163 -0.0210023490092 0.000353513361074 0.000279495878546 
c: -0.00193397244283 0.237036261035 0.00353996863007 -0.00216150986648 -0.000875571068249 0.00723510008788 0.00205365719712 0.00147695008648 -0.000176896399829 -0.00111009567092 -0.00216283016582 0.00185796412954 0.000418845034616 
angles: 0.00166520606569 0.157850700222 0.314556556992 0.471635709031 0.628884902742 0.786161567475 0.943323359527 1.10018980671 1.25659570037 1.41251649847 1.56801267563 1.72320547265 1.87837343767 2.03387030522 2.18998784933 2.34680684111 2.50420577417 2.66208120527 2.82053713863 2.97979371364 3.13993898332 3.30084024243 3.46222246041 3.62380316558 3.78545117455 3.94695280835 4.10803843161 4.26849738968 4.42790878301 4.58598163592 4.74280309515 4.89850707638 5.05326117434 5.20725969549 5.36068576075 5.51379449292 5.66689139163 5.82033409947 5.97442601831 6.12928179343 
