range:0-360 
center: -5.09243736267 1.95702838898 0.133926612209
a: -0.00422102139311 0.00172437539786 0.225172822572 0.003306913041 -0.00705359143063 -0.0062904282544 0.0148921629295 7.01320751488e-05 0.00092827521505 0.00485514257548 0.000586949037541 0.000228565654852 0.00065123395859 
b: 0.00110093010679 -0.0390674392842 -0.0210099885301 -3.27647361867e-05 0.00143340403059 
c: -0.00458398207886 0.255796016876 0.00172322543383 -0.00211210205373 -0.00513132112681 0.0157243176581 -0.0028456012526 0.00401197751728 -0.0017546353696 0.000242645476395 -0.0042702290089 0.00243626270644 -0.00142611142403 
angles: 0.0348147669309 0.190065852179 0.344643748231 0.497764774502 0.649577169863 0.800567935537 0.950936602401 1.10055802421 1.24941663555 1.39766606093 1.54565489837 1.6939492077 1.8433819134 1.99517968288 2.15011710621 2.3076556808 2.46646116493 2.62540369929 2.78450168898 2.94464073233 3.10664498968 3.27038708323 3.43526314403 3.60088570797 3.76701707982 3.93358918827 4.1002353525 4.26656258963 4.432533875 4.59814517334 4.76301387757 4.92629498001 5.08694825638 5.24453660812 5.39961693688 5.55282202396 5.7049967242 5.85727176199 6.01011370036 6.16372099643 
