range:0-360 
center: -4.60815113783 4.82338043054 0.0964987639415
a: -1.50543559501e-07 -5.55453470266e-09 0.594101552717 1.92685173243e-07 -0.032700642588 -2.12898202795e-08 -0.0486469304009 -3.40290416344e-08 0.0290854978259 2.00885170145e-08 -0.00018958808702 -2.24540117747e-09 -0.00916890312615 -1.39870005148e-08 0.000733632493946 1.15704791392e-08 0.0074350707637 2.80396208752e-08 -0.000946144881601 4.83483882747e-10 -0.00269233415902 -2.3793873606e-08 4.29856671979e-05 -1.02328466238e-08 0.000648977777988 9.98696602666e-09 -0.00165499843252 3.45046825555e-10 0.000236571973013 -3.31329157578e-09 0.000515081623244 2.40405339828e-09 0.000174069945764 1.42705767697e-08 -0.000427547778529 -6.40843279844e-10 0.000326019385745 
b: -3.81491782681e-05 0.00269855857497 -2.33379017688e-07 0.000101620390997 4.08247725897e-08 
c: -0.00670172652702 0.492596117231 -5.58468716633e-09 0.0192972004193 -1.08622372239e-07 -0.0528584005177 -3.23052702248e-08 0.0229123436559 5.00027700232e-08 -0.00402192443806 -3.3276334207e-08 0.00299560661623 1.3813600902e-08 -0.00456588441363 -2.71644720336e-08 0.00472933637072 2.32064563168e-08 -0.00435363202727 -1.31695146956e-08 -1.34916785006e-05 3.52589804633e-08 -0.00344992493771 -9.00543806406e-09 0.00203001162425 2.54798478507e-08 -0.00183818474205 -2.29067718665e-08 0.00114420233704 1.57361715512e-08 -0.000697407458353 -1.63857653765e-08 0.000732512608045 1.85750689687e-08 -0.000785957201195 -5.40467716804e-09 0.00022715638806 2.06227628664e-08 
angles: 3.8310766614e-07 0.0505198338688 0.10106342258 0.151642332874 0.202258079995 0.252907850962 0.303585129697 0.354285046321 0.405007537997 0.455756015419 0.506553564895 0.557432118154 0.608421152708 0.659546671402 0.71083020987 0.762285149796 0.813878284667 0.865561181828 0.917287884029 0.9690388877 1.02078574901 1.07257591573 1.12446210332 1.17650878186 1.22874076241 1.28102526087 1.33334574007 1.38589939 1.43879717701 1.49177186955 1.54467875382 1.59767189029 1.65081534282 1.70392088636 1.75690946983 1.80969702827 1.86230320568 1.91482003174 1.96734812627 2.01990493108 2.07248448663 2.12512383135 2.17783266426 2.23060545655 2.28345288781 2.33636634277 2.3893290802 2.44236096029 2.49547317293 2.54868420003 2.60198970306 2.65542143994 2.70899049178 2.76267380552 2.81644422895 2.87028591723 2.92422134245 2.97828504984 3.03251662101 3.08695074708 3.14159216959 3.1962337312 3.25066802469 3.30489854846 3.35896234545 3.41289781079 3.46674046989 3.52051082686 3.57419409913 3.62776312461 3.68119488887 3.73449961085 3.7877113453 3.84082347935 3.89385534523 3.94681803038 3.99973198593 4.0525793939 4.10535216509 4.15806093918 4.21070028646 4.26328015905 4.31583679437 4.36836513307 4.42088174441 4.47348810464 4.52627564212 4.57926430426 4.63236984653 4.68551334776 4.73850651879 4.79141345768 4.84438827629 4.89728600534 4.94983970111 5.00216024911 5.05444468878 5.10667703915 5.15872337215 5.21060954171 5.26240010173 5.31414652349 5.36589791268 5.4176251803 5.46930805179 5.52090116152 5.57235615356 5.62363900244 5.67476524854 5.72575427248 5.77663292918 5.82743039213 5.87817879103 5.92890121405 5.97960103531 6.03027827249 6.0809280128 6.13154372104 6.18212262817 6.23266623645 
