range:0-360 
center: -4.60815115372 5.01814937194 0.0717517225659
a: -1.42030457991e-07 5.36652482838e-10 0.623889110228 1.67217067504e-07 -0.0383309358376 -1.59772928901e-08 -0.0516865467661 -9.60497264236e-09 0.0265306058109 6.42319533142e-09 0.00361186512639 4.44357389032e-09 -0.0101144099107 
b: -9.01416404178e-05 0.00283836752734 -2.71991508238e-07 2.98921654235e-05 3.44199218336e-08 -0.000295116392557 1.63415373418e-08 9.3887729922e-05 -4.78668856857e-08 -3.16787665954e-05 1.19453210349e-08 2.71961754628e-06 1.12635576614e-08 
c: -0.016459712023 0.518281810258 -2.29607720519e-10 0.00546225440938 -1.1446483122e-07 -0.0538944577377 -1.73426238553e-08 0.0171404577561 4.45779443202e-08 -0.00578392662756 -2.90199434835e-08 0.000496223492915 4.10785969862e-08 
angles: 4.24356188354e-07 0.0477928262408 0.0956562865916 0.14363604803 0.191743396764 0.23995903846 0.288277824043 0.336694258912 0.385247252679 0.434004875128 0.483012318398 0.532294837971 0.581769612433 0.631406001085 0.681234603188 0.731255017694 0.781436504261 0.831811249475 0.882394425585 0.933104441477 0.983909103014 1.03498271574 1.08652829913 1.13852508909 1.19080362825 1.24322775622 1.29597215631 1.34919512791 1.4028353582 1.45650442645 1.5101662063 1.56391946368 1.61775026981 1.67157882382 1.72529366859 1.77881493765 1.83205626387 1.88508505492 1.93802833363 1.99098444357 2.0439711586 2.09704424884 2.15021454277 2.2034994465 2.25692736292 2.31054883447 2.36440302284 2.41850954344 2.47285289999 2.52739161994 2.58214872925 2.63717273004 2.6924511316 2.74791456085 2.8035117197 2.85923256038 2.91512423751 2.97117970563 3.02748948184 3.08426988235 3.14159218214 3.19891463168 3.25569414411 3.3120040469 3.36806047307 3.42395210547 3.4796728983 3.5352700029 3.59073335781 3.64601172076 3.7010357064 3.75579351186 3.81033150436 3.86467481071 3.91878190602 3.97263603673 4.02625745151 4.07968534911 4.13297019845 4.18614051466 4.23921372931 4.29220057092 4.34515653138 4.39809985961 4.45112884201 4.50437008643 4.55789139454 4.61160628426 4.66543488733 4.71926573632 4.77301901624 4.8266808728 4.88034996246 4.93399026127 4.98721327791 5.03995767371 5.0923817952 5.14466067579 5.19665749952 5.248203112 5.29927683849 5.35008142858 5.40079145984 5.45137460615 5.50174931959 5.55193077259 5.60195107966 5.65178036494 5.70141669178 5.75089144123 5.80017396591 5.84918140988 5.89793898237 5.94649197358 5.9949083682 6.04322709371 6.09144269697 6.13955004781 6.18752984575 6.23539332049 
