range:0-360
center: -4.60815113783 4.82338043054 0.0964987639415
a: -1.49985785368e-07 -6.77844208849e-09 0.594103900793 1.93740912996e-07 -0.0326971020279 -2.1718202888e-08 -0.0486473027525 -3.40037785397e-08 0.0290828785337 2.01621333486e-08 -0.000186129778433 -2.65981531986e-09 -0.00916630814085 -1.35155337449e-08 0.000720818252945 1.20193503511e-08 0.00741426529275 
b: -3.79668687403e-05 0.00270036086488 -2.32982813152e-07 
c: -0.00670204269981 0.492596844196 -5.29378624014e-09 0.0192963691102 -1.08974765616e-07 -0.052857695741 -3.1838129417e-08 0.022911492743 4.97781681198e-08 -0.00402156795576 -3.30023765372e-08 0.00299532833881 1.35446169079e-08 -0.00456501085434 -2.68086316152e-08 0.00472827317077 2.2598924678e-08 -0.00435277953659 -1.28062894374e-08 -1.39095045342e-05 3.48461004644e-08 -0.00344826252803 -8.69418566314e-09 0.00202538344121 2.50448450955e-08 -0.00183455762689 -2.21997408506e-08 0.00113224126702 1.47792861693e-08 
angles: 3.8310766614e-07 0.0505198338688 0.10106342258 0.151642332874 0.202258079995 0.252907850962 0.303585129697 0.354285046321 0.405007537997 0.455756015419 0.506553564895 0.557432118154 0.608421152708 0.659546671402 0.71083020987 0.762285149796 0.813878284667 0.865561181828 0.917287884029 0.9690388877 1.02078574901 1.07257591573 1.12446210332 1.17650878186 1.22874076241 1.28102526087 1.33334574007 1.38589939 1.43879717701 1.49177186955 1.54467875382 1.59767189029 1.65081534282 1.70392088636 1.75690946983 1.80969702827 1.86230320568 1.91482003174 1.96734812627 2.01990493108 2.07248448663 2.12512383135 2.17783266426 2.23060545655 2.28345288781 2.33636634277 2.3893290802 2.44236096029 2.49547317293 2.54868420003 2.60198970306 2.65542143994 2.70899049178 2.76267380552 2.81644422895 2.87028591723 2.92422134245 2.97828504984 3.03251662101 3.08695074708 3.14159216959 3.1962337312 3.25066802469 3.30489854846 3.35896234545 3.41289781079 3.46674046989 3.52051082686 3.57419409913 3.62776312461 3.68119488887 3.73449961085 3.7877113453 3.84082347935 3.89385534523 3.94681803038 3.99973198593 4.0525793939 4.10535216509 4.15806093918 4.21070028646 4.26328015905 4.31583679437 4.36836513307 4.42088174441 4.47348810464 4.52627564212 4.57926430426 4.63236984653 4.68551334776 4.73850651879 4.79141345768 4.84438827629 4.89728600534 4.94983970111 5.00216024911 5.05444468878 5.10667703915 5.15872337215 5.21060954171 5.26240010173 5.31414652349 5.36589791268 5.4176251803 5.46930805179 5.52090116152 5.57235615356 5.62363900244 5.67476524854 5.72575427248 5.77663292918 5.82743039213 5.87817879103 5.92890121405 5.97960103531 6.03027827249 6.0809280128 6.13154372104 6.18212262817 6.23266623645 
