range:0-360 
center: -4.60815110207 4.2195281744 0.160675900852
a: -1.33036352849e-07 -2.70795552069e-08 0.505345642924 1.69782688023e-07 0.00573667507835 -2.54431726348e-09 -0.0442089812469 -2.64864970433e-08 0.00917826562431 2.77095491933e-08 -0.00046717588595 1.1813523278e-08 0.00213671502889 -1.20933140937e-08 0.00449659822894 -1.2014319675e-08 -0.00168783810469 1.20670754245e-09 -0.00426592493281 -4.90684774805e-09 0.00287487747097 2.01800714811e-08 -0.000569291523382 -3.27309518722e-09 -0.00062088748811 -1.48517192401e-08 0.000724921319188 -4.58122351415e-09 -0.000634538849867 1.84388593719e-09 0.000295060551032 1.27224104794e-08 0.00018528164338 -1.29646477932e-10 -0.000236165593429 -9.8118696027e-09 0.000516670629566 
b: 0.000100211184174 0.00227765992396 -2.17090927789e-07 0.000173660224206 -3.86049550882e-10 
c: 0.0175829697944 0.416596734838 -2.71126875824e-08 0.0294290000605 -9.63567452e-08 -0.0445398429177 -5.68217577023e-08 0.0145138738928 4.67390261091e-08 0.000136482613774 -3.18410815199e-08 0.00319894754772 3.18212150159e-08 -0.00389316070917 -1.63468249296e-08 0.00275048420118 3.15664671301e-08 -0.00412434893548 -2.7321748358e-08 0.00156389259608 1.46716230694e-08 0.000711734557016 -5.99135807457e-09 -0.000690570405421 6.46755986232e-09 0.000554946079171 -5.94907165921e-10 0.000565166164709 -1.24351347556e-09 -0.000465984564727 -1.35668860645e-08 0.00101713633689 7.12354897368e-09 -0.000523340026358 -1.19961817237e-08 0.000326760926152 1.03905376052e-08 
angles: 3.29177409923e-07 0.0577107034871 0.11541487943 0.173080989488 0.230657111512 0.288091632738 0.345370061989 0.402523863018 0.459585456387 0.51655539463 0.573354470201 0.629891651533 0.68609325698 0.741917494515 0.79730640878 0.852262228029 0.906805721818 0.961005107976 1.01489093723 1.06846058759 1.12169876699 1.17481527166 1.22803944164 1.28131571471 1.33462544003 1.3879040778 1.44116037948 1.4944295045 1.54763065557 1.60060215919 1.6532706124 1.70553943417 1.75742796867 1.80904541881 1.86058085832 1.91205266641 1.96349096091 2.01506296231 2.06693532774 2.11905042446 2.17129873293 2.22382929621 2.27663622552 2.3288665432 2.37986965565 2.4298830344 2.47933922534 2.52851780935 2.57757410798 2.62659062427 2.67549989304 2.72417129695 2.77249619177 2.82035199524 2.86770695001 2.91459565707 2.96099018238 3.00686958609 3.05222512405 3.09708225836 3.14159216616 3.18610213712 3.23095940331 3.27631353901 3.32219455505 3.36858774447 3.41547654472 3.46283284754 3.51068745096 3.559013538 3.60768485647 3.65659398171 3.70561034891 3.75466655901 3.80384506486 3.85330126267 3.90331470138 3.95431798382 4.00654838815 4.05935525997 4.11188629832 4.16413453195 4.21624959117 4.26812229004 4.31969394477 4.37113255399 4.42260440471 4.47413985839 4.52575734419 4.57764592982 4.62991479681 4.68258329508 4.73555484292 4.7887560368 4.84202523033 4.89528154479 4.94856016695 5.00187012766 5.05514637677 5.1083705227 5.16148700343 5.21472520885 5.26829488094 5.32218077723 5.37638007562 5.43092348027 5.48587934775 5.54126898003 5.59709247551 5.65329471864 5.70983202705 5.76663000292 5.82360078584 5.88066230358 5.93781604084 5.99509441799 6.05252999605 6.11010503767 6.16777220516 6.2254752691 
