range:0-360
center: -4.60815115372 5.01814937194 0.0717517225659
a: -1.42008195241e-07 1.19394862456e-10 0.623896353391 1.67196170559e-07 -0.0383316584091 -1.63439444968e-08 -0.0516952164819 -9.30018511703e-09 0.0265486729557 6.63334192595e-09 0.00362460641606 5.12790335477e-09 -0.0100470003346 4.53674107368e-09 -0.00212053068099 
b: -9.30389948045e-05 0.00283983253408 -2.71514332229e-07 
c: -0.0164341990476 0.518258547342 2.09459450915e-10 0.00547340969372 -1.1555742842e-07 -0.0539404019544 -1.62383038261e-08 0.0172486501721 4.2805993577e-08 -0.00583455806897 -2.64244034279e-08 0.000748105637116 3.73681153013e-08 -0.00717435781925 -1.43064342678e-08 0.00666900364499 3.39720339305e-08 -0.00427106187193 -2.10255482508e-08 0.00260492113678 1.96047877926e-08 -0.00360766893659 -2.12278728113e-08 0.00204029139444 2.34445290647e-08 -0.00261021700536 -5.05436655429e-09 0.00120174958232 2.77479927426e-08 -0.00160412758319 -2.49927553405e-09 
angles: 4.24356188354e-07 0.0477928262408 0.0956562865916 0.14363604803 0.191743396764 0.23995903846 0.288277824043 0.336694258912 0.385247252679 0.434004875128 0.483012318398 0.532294837971 0.581769612433 0.631406001085 0.681234603188 0.731255017694 0.781436504261 0.831811249475 0.882394425585 0.933104441477 0.983909103014 1.03498271574 1.08652829913 1.13852508909 1.19080362825 1.24322775622 1.29597215631 1.34919512791 1.4028353582 1.45650442645 1.5101662063 1.56391946368 1.61775026981 1.67157882382 1.72529366859 1.77881493765 1.83205626387 1.88508505492 1.93802833363 1.99098444357 2.0439711586 2.09704424884 2.15021454277 2.2034994465 2.25692736292 2.31054883447 2.36440302284 2.41850954344 2.47285289999 2.52739161994 2.58214872925 2.63717273004 2.6924511316 2.74791456085 2.8035117197 2.85923256038 2.91512423751 2.97117970563 3.02748948184 3.08426988235 3.14159218214 3.19891463168 3.25569414411 3.3120040469 3.36806047307 3.42395210547 3.4796728983 3.5352700029 3.59073335781 3.64601172076 3.7010357064 3.75579351186 3.81033150436 3.86467481071 3.91878190602 3.97263603673 4.02625745151 4.07968534911 4.13297019845 4.18614051466 4.23921372931 4.29220057092 4.34515653138 4.39809985961 4.45112884201 4.50437008643 4.55789139454 4.61160628426 4.66543488733 4.71926573632 4.77301901624 4.8266808728 4.88034996246 4.93399026127 4.98721327791 5.03995767371 5.0923817952 5.14466067579 5.19665749952 5.248203112 5.29927683849 5.35008142858 5.40079145984 5.45137460615 5.50174931959 5.55193077259 5.60195107966 5.65178036494 5.70141669178 5.75089144123 5.80017396591 5.84918140988 5.89793898237 5.94649197358 5.9949083682 6.04322709371 6.09144269697 6.13955004781 6.18752984575 6.23539332049 
