range:0-360
center: -4.60815110207 4.33645364443 0.157546540815
a: -1.37448903337e-07 -2.06103636158e-08 0.501976139148 1.761172612e-07 0.00445641528128 -5.87614180373e-09 -0.0398431609291 -3.15652837544e-08 0.0118839204985 1.22162493928e-08 -0.00258694783325 1.87117471493e-08 -0.00150279077439 -6.93914649151e-10 0.00347667843334 
b: 9.5780202024e-05 0.00226961382022 -2.29181055433e-07 
c: 0.0167426454578 0.416784662902 -1.96299767761e-08 0.029020386027 -1.01657127914e-07 -0.0453413562952 -4.404682822e-08 0.012681020493 3.94586941857e-08 -0.00293148048872 -3.47125680636e-08 0.00235211368481 2.26627881545e-08 -0.00387933105833 -2.02422396063e-08 0.00421064908384 4.05945630884e-08 -0.00526127029296 -1.7953108044e-08 0.00158619950709 2.66339460912e-08 -0.00132325195293 -6.48408492009e-09 
angles: 3.36185520073e-07 0.057512845721 0.114979644665 0.172352463134 0.229585435855 0.286662008671 0.343606020644 0.400471829798 0.45723295191 0.513848188351 0.570300246151 0.62651549629 0.682341466015 0.737704223012 0.792687612947 0.847420785862 0.902037861482 0.956540905579 1.01088694243 1.06505502209 1.11902567652 1.17281021799 1.22639051114 1.27969368806 1.3327223177 1.38558646118 1.43838553562 1.49119248749 1.54397441404 1.59662376079 1.64911873497 1.70137499559 1.75329352612 1.80489575767 1.8563007448 1.90761656808 1.95896785909 2.01050930319 2.0623202574 2.11441617893 2.16679833635 2.21920886962 2.27151240178 2.32346024722 2.37480511387 2.42543331701 2.47541826144 2.52489611923 2.57406280387 2.62303299331 2.6718370547 2.72048117375 2.76889032683 2.81698107087 2.8647502742 2.91215641826 2.95910693868 3.00558212985 3.05148896584 3.09677765863 3.14159215401 3.18640675033 3.23169562781 3.27760109894 3.324076416 3.37102704672 3.41843324739 3.46620251098 3.51429444982 3.56270352603 3.61134754535 3.66015152232 3.70912159231 3.75828822523 3.80776604913 3.85775102962 3.90838008235 3.95972419581 4.0116720745 4.06397561698 4.11638666808 4.16876875127 4.22086461031 4.27267556355 4.32421734752 4.3755686496 4.42688449182 4.47828951404 4.52989177472 4.58181034974 4.63406666971 4.68656168974 4.73921105436 4.79199302591 4.84480002198 4.89759911188 4.95046324151 5.0034919098 5.05679537946 5.11037575183 5.1641602611 5.21813093313 5.2722989749 5.32664502116 5.38114797326 5.43576561795 5.49049875256 5.5454821478 5.60084409334 5.65667101999 5.71288617073 5.76933727165 5.82595334675 5.88271438768 5.93958008127 5.99652400448 6.05360161958 6.11083354801 6.16820634392 6.22567314028 
