range:0-360 
center: -4.60815114578 4.7260168155 0.112681126346
a: -1.56468823187e-07 -3.21885781671e-09 0.573331745756 1.99345556345e-07 -0.0267099405204 -3.13750807844e-08 -0.0414582328803 -2.89706603553e-08 0.0282457294567 2.74592848169e-08 -0.00378750404913 1.87752261433e-09 -0.00631027142849 
b: -1.83584665223e-06 0.00263750113025 -2.24348201563e-07 0.000142607286556 7.64875549948e-09 -0.000275328512688 4.75535673334e-08 0.000134230474495 -2.9791955081e-08 -2.74838911375e-05 -1.93812654127e-08 1.40623335321e-05 5.13781586679e-09 
c: -0.000335223372523 0.481602437836 -1.94043705478e-09 0.0260400596518 -1.14420187087e-07 -0.0502707832483 -3.48388269427e-08 0.0245027612781 5.64793673219e-08 -0.00502380220115 -3.77305175902e-08 0.00256699953943 3.01988142826e-08 
angles: 3.97612573627e-07 0.0522708519046 0.104542450289 0.156816410647 0.209091885729 0.26136809911 0.313645885041 0.365923893778 0.418202611603 0.470482290006 0.522764821086 0.575051532434 0.627341881222 0.679636980144 0.731938282216 0.784250012492 0.836570152121 0.888895194947 0.941221185086 0.993548051795 1.04587640312 1.09820877217 1.15054438624 1.20288202444 1.25522677004 1.30758022459 1.35994186112 1.41230921281 1.46467941995 1.51705636839 1.56945020631 1.62185174146 1.6742390305 1.72661528 1.77900031328 1.83139280996 1.88377648969 1.93615005659 1.98852105273 2.04089309295 2.09326544211 2.14563859964 2.19801462824 2.25039358499 2.3027762924 2.35516243152 2.40755232423 2.45994630578 2.51234446102 2.56474748556 2.61715647559 2.66957202581 2.72199256608 2.77441854149 2.82685090281 2.87928735446 2.93173081497 2.98418177543 3.03664171537 3.08911152756 3.14159211798 3.19407283458 3.24654283533 3.29900166925 3.35145271381 3.40389627607 3.45633377955 3.5087651441 3.56119111864 3.61361255563 3.66602805092 3.71843621668 3.77083999441 3.82323810637 3.87563204015 3.92802248031 3.98040859608 4.03279120344 4.08517013936 4.13754616929 4.18991928947 4.24229196022 4.2946639871 4.34703495106 4.39940859778 4.45179225914 4.50418479898 4.55656988916 4.60894618808 4.66133352535 4.71373509852 4.76612898692 4.8185059858 4.87087624332 4.923243593 4.97560555359 5.02795877744 5.08030351292 5.13264154861 5.18497678505 5.23730903639 5.28963790674 5.34196469834 5.3942906602 5.44661626126 5.49893637474 5.55124747583 5.60354881414 5.65584375734 5.70813495542 5.76042158402 5.81270415 5.86498374815 5.91726239462 5.96954030541 6.0218180807 6.07409517356 6.12636968621 6.17864362509 6.23091523303 
