range:0-360 
center: -4.60815113982 4.92076932987 0.0849362051483
a: -1.37908127367e-07 2.74128916053e-09 0.609255303709 1.66821207908e-07 -0.0367749991393 -3.68059557797e-08 -0.0502163234598 -1.41533609328e-08 0.029113905053 2.27660032243e-08 0.00334659294537 6.37505660821e-09 -0.00987875459748 
b: -6.25351525042e-05 0.00278555140853 -2.40042342103e-07 7.77968574791e-05 1.68621812155e-09 -0.00027393860181 -1.6693622686e-08 
c: -0.0113385928853 0.508491475121 3.84838034457e-09 0.0141402724498 -1.11412237183e-07 -0.050535408861 -2.92697146487e-08 0.0217055170168 3.93348287157e-08 -0.00361997292238 -4.16318649951e-08 0.00236897938517 3.26521498104e-08 
angles: 3.84842502181e-07 0.0493080355989 0.0986752953028 0.148134047146 0.197674911966 0.247258704306 0.296856458699 0.346470550202 0.396120242689 0.445832646479 0.495642646096 0.545583881816 0.595683613111 0.645964024518 0.696445236941 0.747152982104 0.798095746243 0.849265064953 0.900612802393 0.952072705387 1.00358556836 1.05513878154 1.10667654126 1.15827089021 1.21017939268 1.2626959178 1.31572883479 1.36873412236 1.42156107191 1.47452180714 1.52810430676 1.58186843429 1.63551721667 1.68900455875 1.7423067519 1.79533491098 1.84808229309 1.90073624427 1.95339006271 2.0060806329 2.05884150221 2.11169100421 2.16463665406 2.21768504899 2.27083585513 2.3241034689 2.37749745486 2.4310127657 2.48465451539 2.53844717858 2.5924294174 2.64664861328 2.70107409341 2.75563854696 2.81029588583 2.86503251732 2.9198747593 2.97486233125 3.03007988814 3.08564098148 3.14159218974 3.1975435495 3.25310482846 3.30832140974 3.36331001556 3.41815126914 3.47288786167 3.52754603324 3.58211043354 3.63653590164 3.69075511396 3.74473734265 3.79852996266 3.85217169858 3.90568754037 3.95908143028 4.01234901991 4.06549976648 4.11854810239 4.17149377178 4.22434357105 4.27710415084 4.32979500469 4.38244888388 4.43510267576 4.4878501532 4.54087834583 4.5941806057 4.64766794535 4.70131678591 4.7550809454 4.8086635039 4.86162425987 4.91445127815 4.96745676549 5.02048972448 5.07300633762 5.12491452978 5.17650934494 5.22804708071 5.27960031593 5.33111310816 5.38257294152 5.43392065285 5.48508994328 5.53603340474 5.58674115443 5.63722236597 5.68750280516 5.7376024917 5.7875428585 5.8373528153 5.8870660713 5.93671569637 5.98632969497 6.03592737916 6.08551112514 6.13505198583 6.18451074427 6.23387803163 
