range:0-360 
center: -4.60815111399 4.04407219489 0.153023679756
a: -1.30699445715e-07 -2.61206414977e-08 0.50917537697 1.6514743778e-07 0.00692317603904 1.06100002538e-08 -0.0376518325708 -3.30556285835e-08 0.00391555405922 3.74522984631e-10 -0.00526414822658 2.05322305667e-09 0.0032293100055 6.37756923257e-09 0.00633551095281 1.17631936842e-08 -0.00032844306501 -6.90103135223e-09 -0.00197265505453 -1.07510837832e-08 0.0006587610558 1.52077938921e-08 -0.000658300186788 7.72485630808e-09 -0.000305149080149 -5.66182735971e-09 -0.000106685175771 -8.7938316612e-09 0.000699164728172 1.36193004564e-09 -6.63518540125e-05 -4.07550340891e-09 -0.000179845978483 2.4689694041e-09 -0.000122612927843 1.42760721575e-08 -5.75145593257e-05 
b: 8.28567610917e-05 0.00235245328296 -1.89046809441e-07 0.000132445390236 8.5145813855e-09 
c: 0.0147090986224 0.429911250505 -2.61065389972e-08 0.0224950230503 -9.62175595218e-08 -0.0416122493731 -4.17215365491e-08 0.0116562650542 3.605311758e-08 0.00130346913011 -3.08743749835e-08 0.00451173228619 5.21226508397e-09 0.00023202503273 -2.3885332757e-08 0.00161107221604 1.86595363102e-08 -0.00413124878839 -2.41108958456e-08 0.00128120352397 1.93341711091e-08 -0.00150067552768 -1.55853869594e-08 0.000926937128203 1.61909971105e-08 -0.000735346937991 -5.74335516518e-09 0.000534439009496 1.49806211182e-08 -0.000563977328911 -9.90117016177e-09 1.82462998384e-05 1.97321921359e-09 -0.000378622563578 -6.18945306053e-09 0.000265915920007 1.25328830166e-08 
angles: 3.51995581717e-07 0.0566116232943 0.113187385992 0.169723037419 0.226227900022 0.28270180124 0.339132225642 0.395486637129 0.451715181454 0.507768544613 0.563603127375 0.619168653129 0.67441085722 0.729274328292 0.783723879931 0.837793167161 0.891544397485 0.945109868685 0.998579484003 1.05204348208 1.105541528 1.15910338858 1.2126789596 1.26616236882 1.3195203329 1.37285764728 1.42620868405 1.47948208965 1.53262355873 1.58554388647 1.63815468662 1.69045016689 1.74246743068 1.79421961244 1.8457857972 1.89728585746 1.94879364411 2.0003612756 2.05202603644 2.10376262411 2.15549095191 2.20713139892 2.25872713857 2.31019123225 2.3614884531 2.41255999759 2.46335127368 2.51378498454 2.56379544373 2.61339378904 2.66262886609 2.71160521397 2.76038623271 2.80894678441 2.8572852976 2.9053868896 2.95323499211 3.00080892792 3.04806397837 3.0949754819 3.14159217235 3.18820894831 3.23512055967 3.28237432473 3.32994965801 3.37779778735 3.42589812924 3.47423667461 3.52279837309 3.57157931503 3.62055561818 3.66979069687 3.7193890643 3.76939952868 3.81983326766 3.87062532151 3.92169603611 3.9729932161 4.02445731358 4.07605357759 4.12769397373 4.17942226363 4.23115882639 4.28282357509 4.33439156325 4.38589935742 4.43739941441 4.48896563522 4.54071770242 4.59273517351 4.64503070204 4.69764155033 4.75056189727 4.80370343943 4.85697688815 4.91032801952 4.96366537154 5.01702326503 5.07050670605 5.12408260936 5.17764443992 5.23114240686 5.28460632734 5.33807586583 5.39164126013 5.44539241303 5.49946166671 5.55391199105 5.60877555057 5.66401782636 5.71958326325 5.77541782706 5.83147116509 5.88769967864 5.94405400982 6.00048436488 6.05695823916 6.1134630276 6.1699997204 6.226574386 
