range:0-360 
center: -4.60815110207 4.2195281744 0.160675900852
a: -1.33287186563e-07 -2.70457744984e-08 0.50535807562 1.70228544915e-07 0.00572473308654 -3.43087726936e-09 -0.0441992595485 -2.48644525054e-08 0.00913694194392 2.70328382733e-08 -0.00046714486684 1.2966424736e-08 0.0020064289019 
b: 9.68412524895e-05 0.00227995296275 -2.17058566556e-07 0.000162011032144 -4.17949910475e-10 -0.000247922218161 6.26256822219e-10 
c: 0.0175954015828 0.416562345351 -2.70514261973e-08 0.0294677169055 -9.61340438649e-08 -0.0445919865554 -5.80550433607e-08 0.0146046836669 4.96006833941e-08 5.7627982918e-05 -3.5156233084e-08 0.00344740473591 3.82413940119e-08 
angles: 3.29177409923e-07 0.0577107034871 0.11541487943 0.173080989488 0.230657111512 0.288091632738 0.345370061989 0.402523863018 0.459585456387 0.51655539463 0.573354470201 0.629891651533 0.68609325698 0.741917494515 0.79730640878 0.852262228029 0.906805721818 0.961005107976 1.01489093723 1.06846058759 1.12169876699 1.17481527166 1.22803944164 1.28131571471 1.33462544003 1.3879040778 1.44116037948 1.4944295045 1.54763065557 1.60060215919 1.6532706124 1.70553943417 1.75742796867 1.80904541881 1.86058085832 1.91205266641 1.96349096091 2.01506296231 2.06693532774 2.11905042446 2.17129873293 2.22382929621 2.27663622552 2.3288665432 2.37986965565 2.4298830344 2.47933922534 2.52851780935 2.57757410798 2.62659062427 2.67549989304 2.72417129695 2.77249619177 2.82035199524 2.86770695001 2.91459565707 2.96099018238 3.00686958609 3.05222512405 3.09708225836 3.14159216616 3.18610213712 3.23095940331 3.27631353901 3.32219455505 3.36858774447 3.41547654472 3.46283284754 3.51068745096 3.559013538 3.60768485647 3.65659398171 3.70561034891 3.75466655901 3.80384506486 3.85330126267 3.90331470138 3.95431798382 4.00654838815 4.05935525997 4.11188629832 4.16413453195 4.21624959117 4.26812229004 4.31969394477 4.37113255399 4.42260440471 4.47413985839 4.52575734419 4.57764592982 4.62991479681 4.68258329508 4.73555484292 4.7887560368 4.84202523033 4.89528154479 4.94856016695 5.00187012766 5.05514637677 5.1083705227 5.16148700343 5.21472520885 5.26829488094 5.32218077723 5.37638007562 5.43092348027 5.48587934775 5.54126898003 5.59709247551 5.65329471864 5.70983202705 5.76663000292 5.82360078584 5.88066230358 5.93781604084 5.99509441799 6.05252999605 6.11010503767 6.16777220516 6.2254752691 
