range:0-360
center: -4.60815107822 4.28773058653 0.158103433081
a: -1.35782636767e-07 -2.39643658411e-08 0.502574572129 1.68323505244e-07 0.00591924664507 2.20830248139e-09 -0.0425009371809 -1.96520405998e-08 0.0100382630835 1.96248273613e-08 -0.0018973218132 1.90267468e-08 -0.000271512855154 -8.92582239139e-09 0.00337374948106 -2.68275229271e-08 -0.00114778388 1.25107125741e-08 -0.00294693974082 
b: 9.53665141218e-05 0.00224405335552 -2.05681647715e-07 
c: 0.0165983628456 0.412081169459 -2.32105441003e-08 0.0272765085633 -1.02760019978e-07 -0.0479862848552 -4.44949763575e-08 0.0113200247846 4.81419901398e-08 -0.00359424451135 -2.58053279134e-08 0.00157822100022 5.12981487243e-08 -0.00513589378478 -1.92040723214e-08 0.003041354551 4.45307965378e-08 -0.00574804242361 -1.46983171187e-08 0.000572004638422 2.25429200293e-08 -0.00142168597778 5.52473328147e-09 -0.00168645721593 1.74713787792e-08 -0.000500502262269 7.14096289332e-09 -3.1176953827e-05 5.81786533313e-09 -0.00140144918912 6.33104698456e-09 5.32244539749e-05 2.22515777087e-08 -0.00141549200476 4.42908152449e-09 -0.000390438771016 2.40396327352e-08 -0.000881016675275 1.87807071981e-08 -0.000585482878074 1.04573380865e-08 
angles: 3.0172551768e-07 0.0578042182238 0.115202717996 0.172635802046 0.229989906741 0.2871738667 0.344188243148 0.401088002354 0.457859851709 0.514481327229 0.570912474732 0.627093538746 0.682923397605 0.738329653463 0.793338927487 0.848069836419 0.902644227744 0.95702773424 1.01126782305 1.06531990626 1.11912096407 1.17261446454 1.22587918011 1.27898657365 1.3319823017 1.38494346254 1.43792106607 1.49095237134 1.54398942666 1.59687010852 1.64953295304 1.70189716751 1.75391119185 1.80559249807 1.85702910126 1.90836761083 1.95975952236 2.01129429134 2.06311892625 2.1152408895 2.16758555459 2.22010194596 2.27281656839 2.32511043097 2.37633928314 2.42660184989 2.47625585549 2.52556217478 2.5747083743 2.62373993279 2.67266643426 2.72143125037 2.76992904682 2.81805839853 2.86574998925 2.91300160826 2.95978026753 3.00605541886 3.05176810235 3.09689556871 3.14159223476 3.18628733309 3.23141501597 3.2771278912 3.32340319812 3.37018338308 3.41743365395 3.46512531828 3.51325593227 3.56175249472 3.61051722054 3.65944365503 3.70847619741 3.75762224018 3.80692939416 3.856583352 3.90684515001 3.95807416895 4.01036808774 4.06308324194 4.11559952746 4.16794410002 4.2200660206 4.271890625 4.3234254012 4.37481733712 4.42615616612 4.47759280188 4.52927413964 4.58128820389 4.63365245898 4.68631534409 4.73919603832 4.79223316015 4.845264476 4.89824208924 4.9512034427 5.00419925237 5.05730667131 5.11057140964 5.16406492921 5.21786594934 5.27191804283 5.32615808756 5.3805415478 5.43511589028 5.48984737097 5.54485588036 5.60026208193 5.65609266418 5.71227296034 5.76870491126 5.8253262997 5.88209907504 5.93899776577 5.99601315103 6.05319600758 6.11055121309 6.16798308671 6.2253815482 
