range:0-360 
center: -4.60815107822 4.28773058653 0.158103433081
a: -1.35348853671e-07 -2.29305992255e-08 0.502585486253 1.68679308753e-07 0.0059100465788 2.08272695612e-09 -0.0425003638585 -1.9335451346e-08 0.0100081875065 1.89873105237e-08 -0.00188704149501 1.93283831345e-08 -0.000381917190191 
b: 9.14151914723e-05 0.00225539215637 -2.05732454008e-07 0.000150285338855 -3.63080353791e-09 -0.00026605035439 3.39140213438e-08 
c: 0.0166158984446 0.412041962781 -2.27336327093e-08 0.0273325971417 -1.01198823795e-07 -0.048053895918 -4.44341237055e-08 0.0114359869189 4.97532031336e-08 -0.00368884321677 -2.5813539305e-08 0.001894580014 5.22150594942e-08 
angles: 3.0172551768e-07 0.0578042182238 0.115202717996 0.172635802046 0.229989906741 0.2871738667 0.344188243148 0.401088002354 0.457859851709 0.514481327229 0.570912474732 0.627093538746 0.682923397605 0.738329653463 0.793338927487 0.848069836419 0.902644227744 0.95702773424 1.01126782305 1.06531990626 1.11912096407 1.17261446454 1.22587918011 1.27898657365 1.3319823017 1.38494346254 1.43792106607 1.49095237134 1.54398942666 1.59687010852 1.64953295304 1.70189716751 1.75391119185 1.80559249807 1.85702910126 1.90836761083 1.95975952236 2.01129429134 2.06311892625 2.1152408895 2.16758555459 2.22010194596 2.27281656839 2.32511043097 2.37633928314 2.42660184989 2.47625585549 2.52556217478 2.5747083743 2.62373993279 2.67266643426 2.72143125037 2.76992904682 2.81805839853 2.86574998925 2.91300160826 2.95978026753 3.00605541886 3.05176810235 3.09689556871 3.14159223476 3.18628733309 3.23141501597 3.2771278912 3.32340319812 3.37018338308 3.41743365395 3.46512531828 3.51325593227 3.56175249472 3.61051722054 3.65944365503 3.70847619741 3.75762224018 3.80692939416 3.856583352 3.90684515001 3.95807416895 4.01036808774 4.06308324194 4.11559952746 4.16794410002 4.2200660206 4.271890625 4.3234254012 4.37481733712 4.42615616612 4.47759280188 4.52927413964 4.58128820389 4.63365245898 4.68631534409 4.73919603832 4.79223316015 4.845264476 4.89824208924 4.9512034427 5.00419925237 5.05730667131 5.11057140964 5.16406492921 5.21786594934 5.27191804283 5.32615808756 5.3805415478 5.43511589028 5.48984737097 5.54485588036 5.60026208193 5.65609266418 5.71227296034 5.76870491126 5.8253262997 5.88209907504 5.93899776577 5.99601315103 6.05319600758 6.11055121309 6.16798308671 6.2253815482 
