range:0-360 
center: -4.60815112988 4.53127960761 0.143217169967
a: -1.4739280228e-07 -7.58786474103e-09 0.522922313194 1.91881164198e-07 -0.00726203065852 -2.42074434637e-08 -0.0324381603264 -3.68827253811e-08 0.0198192523142 2.59936917649e-08 -0.00731860918269 1.03354010603e-08 -0.00191561223011 -5.85016710659e-09 0.00446189229722 -5.6967014471e-09 0.000942854515455 5.21774616594e-09 -0.00243036501131 4.05175149001e-09 -0.000152843587641 2.46703550342e-09 0.000142986920479 -3.90591856627e-09 -0.000402590872477 -7.31260327311e-09 -0.000767983790774 -1.04788542457e-08 0.000522927301096 4.55097851396e-09 0.000326352813763 -6.36732320668e-09 0.000202884768484 5.0152006364e-09 -0.000735221287599 1.89100680358e-08 0.000179719982675 
b: 6.69993981084e-05 0.00243812721051 -2.02863673546e-07 0.000177507563751 -3.16693177043e-08 
c: 0.0118553058387 0.445635644494 -7.58009487805e-09 0.0309723300202 -1.02959404238e-07 -0.0448482707299 -3.94242608029e-08 0.0184151851842 5.21841140576e-08 -0.0050914273245 -3.76248729032e-08 0.000511207662936 2.57836257453e-08 -0.00223456200605 -1.76109394877e-08 0.00148394199594 3.05999546819e-08 -0.00426609848267 -1.84377144056e-08 0.000693659853043 2.90366982672e-08 -0.00197833372162 -1.08370169255e-08 0.00124920848788 2.92064241632e-08 -0.00135341137746 -1.57324856258e-08 0.00112808906139 1.49158304595e-08 -0.000910105894714 -1.86216426649e-08 0.000400046430443 -1.73842581174e-09 -0.000500175193861 -9.15125996952e-09 1.08065275345e-05 1.07512294984e-08 
angles: 3.78735811327e-07 0.0556766188434 0.111305324708 0.166856021924 0.22232137524 0.277719768104 0.333075408514 0.388390745351 0.443654883398 0.498838763436 0.55393563991 0.608950505744 0.663830533611 0.718503760029 0.772900345809 0.827009990168 0.880924156857 0.934753220934 0.988503155343 1.04216027438 1.09570935872 1.14916465889 1.20250216527 1.25569320958 1.30871657931 1.36155285325 1.41425654897 1.46683827355 1.51931725891 1.57157939251 1.62347268984 1.67494317342 1.72618564345 1.77754184095 1.82913364351 1.88079873214 1.93240379021 1.98400963143 2.03568848407 2.08747946522 2.13934990177 2.19123773208 2.24304481887 2.29470068163 2.34622637778 2.39763685462 2.44891137132 2.50003595448 2.55097076585 2.60169473536 2.65212570597 2.70219328646 2.7519302558 2.80142571635 2.85075821728 2.89992334933 2.94889377819 2.99759607595 3.0459484665 3.0939112406 3.14159211488 3.1892730767 3.23723601675 3.28558717222 3.33429090715 3.3832613282 3.43242639627 3.4817576869 3.53125428727 3.58099019194 3.63105886599 3.68148984141 3.7322137575 3.78314852662 3.83427306193 3.88554750491 3.93695794486 3.98848421418 4.04013944445 4.09194758284 4.14383485485 4.19570522293 4.24749621561 4.29917542584 4.3507812691 4.40238662211 4.45405149505 4.50564335081 4.55699959657 4.60824221787 4.65971267654 4.7116060269 4.76386823957 4.81634727596 4.8689290225 4.92163276595 4.97446902982 5.02749272478 5.0806834682 5.13402133301 5.18747665621 5.24102575971 5.29468284409 5.34843269396 5.4022617213 5.45617580453 5.51028611837 5.56468282689 5.61935596003 5.67423597014 5.72925002135 5.78434760353 5.83953146027 5.8947955236 5.95011079647 6.0054673336 6.06086468087 6.11633104518 6.17188072897 6.22750944268 
