range:0-360 
center: -4.60815113982 4.92076932987 0.0849362051483
a: -1.38128620697e-07 4.74236789604e-09 0.609251030317 1.64986121572e-07 -0.0367835014969 -3.68844987643e-08 -0.0502120753677 -1.51646046471e-08 0.0291453231761 2.33663849895e-08 0.00330596374337 7.51847645097e-09 -0.00990458895756 -4.81285052862e-09 -0.000552129444067 -7.17589323582e-09 0.00713283785937 4.52003463619e-09 -0.000227874517022 1.70315124422e-08 -0.00264721588193 6.26575224109e-09 -0.000642132854507 -1.38688218469e-08 0.00102097740885 -1.37848782342e-08 -0.00163852628174 -9.39794316027e-10 0.00026840240159 1.02349968148e-08 0.000822617536798 -1.57379998223e-08 0.000414041049189 -4.16883781061e-09 -0.00133850616507 8.30687576477e-09 -0.000445338671876 
b: -6.42084484029e-05 0.00278564609372 -2.40146321842e-07 7.15595139666e-05 1.37660747592e-09 
c: -0.0113189473728 0.508469510045 4.10068947484e-09 0.0141466819343 -1.11668351874e-07 -0.0505686398683 -2.83567670354e-08 0.0217840350792 3.82645776778e-08 -0.00366316711456 -4.13943726444e-08 0.002543478751 3.07530639297e-08 -0.0064159020318 -2.24343952071e-08 0.00531505035518 3.12387023306e-08 -0.0056355329619 -2.24304079077e-08 0.000829979174561 4.11588849858e-08 -0.00476569088017 -1.13172486406e-08 0.00245455971645 4.40096054852e-08 -0.00248464105076 -1.85823628064e-08 0.00116621366737 2.89696117293e-08 -0.001669552903 -2.23163351304e-08 0.000481459537725 1.17655054268e-08 -0.00114709935216 -1.68599565603e-08 0.00052100074191 3.85040318562e-09 
angles: 3.84842502181e-07 0.0493080355989 0.0986752953028 0.148134047146 0.197674911966 0.247258704306 0.296856458699 0.346470550202 0.396120242689 0.445832646479 0.495642646096 0.545583881816 0.595683613111 0.645964024518 0.696445236941 0.747152982104 0.798095746243 0.849265064953 0.900612802393 0.952072705387 1.00358556836 1.05513878154 1.10667654126 1.15827089021 1.21017939268 1.2626959178 1.31572883479 1.36873412236 1.42156107191 1.47452180714 1.52810430676 1.58186843429 1.63551721667 1.68900455875 1.7423067519 1.79533491098 1.84808229309 1.90073624427 1.95339006271 2.0060806329 2.05884150221 2.11169100421 2.16463665406 2.21768504899 2.27083585513 2.3241034689 2.37749745486 2.4310127657 2.48465451539 2.53844717858 2.5924294174 2.64664861328 2.70107409341 2.75563854696 2.81029588583 2.86503251732 2.9198747593 2.97486233125 3.03007988814 3.08564098148 3.14159218974 3.1975435495 3.25310482846 3.30832140974 3.36331001556 3.41815126914 3.47288786167 3.52754603324 3.58211043354 3.63653590164 3.69075511396 3.74473734265 3.79852996266 3.85217169858 3.90568754037 3.95908143028 4.01234901991 4.06549976648 4.11854810239 4.17149377178 4.22434357105 4.27710415084 4.32979500469 4.38244888388 4.43510267576 4.4878501532 4.54087834583 4.5941806057 4.64766794535 4.70131678591 4.7550809454 4.8086635039 4.86162425987 4.91445127815 4.96745676549 5.02048972448 5.07300633762 5.12491452978 5.17650934494 5.22804708071 5.27960031593 5.33111310816 5.38257294152 5.43392065285 5.48508994328 5.53603340474 5.58674115443 5.63722236597 5.68750280516 5.7376024917 5.7875428585 5.8373528153 5.8870660713 5.93671569637 5.98632969497 6.03592737916 6.08551112514 6.13505198583 6.18451074427 6.23387803163 
