range:0-360 
center: -4.60815107822 4.28773058653 0.158103433081
a: -1.35370368702e-07 -2.32780502957e-08 0.502578246697 1.6895501395e-07 0.00592059980829 2.26721648318e-09 -0.0425112932255 -1.81023747914e-08 0.010035928598 1.68442461042e-08 -0.00188076429655 2.09840708978e-08 -0.000295044997837 -9.84462906217e-09 0.00342278941306 -2.7599831134e-08 -0.00116780652147 1.45143268778e-08 -0.00281125860387 5.75169097197e-09 0.00363994032779 5.18404903231e-09 -0.00151723722165 -1.0859374816e-08 -0.00138167002832 -3.76966213385e-09 0.000597249111582 -7.05640323296e-10 -0.000274244078483 2.9510959801e-09 0.000300817215894 1.76039326026e-08 0.000194464475233 -5.01464142338e-09 -0.000290094163819 -1.64584799045e-08 0.00026665666303 
b: 9.47645211834e-05 0.00225299932881 -2.05805566101e-07 0.000162373065405 -4.91812598768e-09 
c: 0.0165989502083 0.412080847584 -2.33973091407e-08 0.0272767843996 -1.02238558533e-07 -0.0479859436416 -4.44829638351e-08 0.0113193149932 4.84205069432e-08 -0.00359392519669 -2.56206460955e-08 0.00157851424648 5.12128486664e-08 -0.00513566838575 -1.9238082806e-08 0.00304416228525 4.4394722249e-08 -0.0057497740504 -1.52071663852e-08 0.000572391990399 2.19049136516e-08 -0.001419675359 4.4876886589e-09 -0.00168748112668 1.67285860775e-08 -0.000502077177985 6.61443641384e-09 -2.88478265799e-05 5.8722860195e-09 -0.00140410859353 6.35504270748e-09 6.10648400367e-05 2.28297228153e-08 -0.00141103907863 4.32118052625e-09 -0.000356400707918 2.33899847092e-08 
angles: 3.0172551768e-07 0.0578042182238 0.115202717996 0.172635802046 0.229989906741 0.2871738667 0.344188243148 0.401088002354 0.457859851709 0.514481327229 0.570912474732 0.627093538746 0.682923397605 0.738329653463 0.793338927487 0.848069836419 0.902644227744 0.95702773424 1.01126782305 1.06531990626 1.11912096407 1.17261446454 1.22587918011 1.27898657365 1.3319823017 1.38494346254 1.43792106607 1.49095237134 1.54398942666 1.59687010852 1.64953295304 1.70189716751 1.75391119185 1.80559249807 1.85702910126 1.90836761083 1.95975952236 2.01129429134 2.06311892625 2.1152408895 2.16758555459 2.22010194596 2.27281656839 2.32511043097 2.37633928314 2.42660184989 2.47625585549 2.52556217478 2.5747083743 2.62373993279 2.67266643426 2.72143125037 2.76992904682 2.81805839853 2.86574998925 2.91300160826 2.95978026753 3.00605541886 3.05176810235 3.09689556871 3.14159223476 3.18628733309 3.23141501597 3.2771278912 3.32340319812 3.37018338308 3.41743365395 3.46512531828 3.51325593227 3.56175249472 3.61051722054 3.65944365503 3.70847619741 3.75762224018 3.80692939416 3.856583352 3.90684515001 3.95807416895 4.01036808774 4.06308324194 4.11559952746 4.16794410002 4.2200660206 4.271890625 4.3234254012 4.37481733712 4.42615616612 4.47759280188 4.52927413964 4.58128820389 4.63365245898 4.68631534409 4.73919603832 4.79223316015 4.845264476 4.89824208924 4.9512034427 5.00419925237 5.05730667131 5.11057140964 5.16406492921 5.21786594934 5.27191804283 5.32615808756 5.3805415478 5.43511589028 5.48984737097 5.54485588036 5.60026208193 5.65609266418 5.71227296034 5.76870491126 5.8253262997 5.88209907504 5.93899776577 5.99601315103 6.05319600758 6.11055121309 6.16798308671 6.2253815482 
