range:0-360 
center: -4.60815112988 4.43388127088 0.153057690716
a: -1.38907813271e-07 -1.65697062002e-08 0.508105640274 1.60973484791e-07 -0.000318443089242 -1.2922242148e-08 -0.0342196625264 -4.11397335095e-09 0.0171006260252 2.39263724172e-08 -0.00477760568568 8.70368380645e-09 -0.00277078042222 -8.77376832816e-09 0.00427730137191 -1.67734083096e-08 0.000726374329678 1.12375009471e-08 -0.0026372249471 3.80380291274e-09 0.00054253811689 -1.16300005478e-08 -0.000439931847936 -2.57765999345e-09 -7.72519369368e-05 1.63292046386e-08 -0.000426833241737 2.5396084739e-09 4.28037179889e-05 -8.6638859179e-09 -0.000128142746766 -1.44405214572e-08 0.00041994863852 1.27296143739e-08 -0.000190446532307 4.17188079224e-09 -0.0001542873616 
b: 8.80053674058e-05 0.00235554380771 -2.02365487692e-07 0.000182583261463 9.71868878512e-09 
c: 0.0155626828024 0.430718889069 -1.67818251885e-08 0.0314439349106 -1.16556571725e-07 -0.0431674148819 -4.66227932857e-08 0.014661903755 4.04727934957e-08 -0.00417018633712 -3.57468514886e-08 0.000332271430396 4.52409473674e-08 -0.00367003679234 -2.06589522183e-08 0.00237701027855 3.71791377827e-08 -0.00531045061868 -1.82193201616e-08 0.00110875183502 2.40144903416e-08 -0.00223374137794 -1.85750387375e-08 0.000643103582469 2.51117893832e-08 -0.00136682345634 -1.38889272552e-08 0.000678571064876 2.47723158363e-08 -0.000814204958248 -5.9588231305e-09 0.000219331248782 1.24831943305e-08 -0.000497279765427 -1.63051713333e-09 -3.44859036953e-05 1.60228143879e-09 
angles: 3.9227147642e-07 0.0568957963506 0.113680469655 0.170336172048 0.226879202467 0.28332536117 0.339716164823 0.396060873256 0.4523307977 0.508487315563 0.564515251182 0.620398057336 0.676069973748 0.7314526545 0.786471186364 0.841206525262 0.895741576202 0.950140525863 1.0044151286 1.05851126097 1.11240181644 1.16611427195 1.2196830715 1.27316470052 1.32651749212 1.37967827888 1.43263970128 1.48532373438 1.53767606928 1.58969718486 1.64147679091 1.69306517169 1.74448661192 1.79587578348 1.84734084641 1.89882206215 1.95030442618 2.00190353337 2.05365663143 2.10551699498 2.15753978379 2.20963644422 2.26154072661 2.31310505645 2.36439332078 2.41542955502 2.46622732433 2.51670017319 2.56673338819 2.61629546777 2.66548206982 2.71440016026 2.76309479726 2.81155140622 2.85979300583 2.90778392145 2.9554415527 3.00268906979 3.0494813358 3.09575631251 3.14159208383 3.1874263917 3.23370161613 3.28049551718 3.3277431053 3.37540075339 3.42339041814 3.47163199296 3.52008972274 3.5687832116 3.61770235804 3.6668889321 3.71645099921 3.7664842225 3.81695706038 3.8677555385 3.91879167736 3.97007989114 4.02164419544 4.07354843163 4.12564504763 4.177667792 4.22952814656 4.28128162313 4.33288070897 4.38436280801 4.43584433454 4.48730943559 4.53869864719 4.59012025754 4.64170859666 4.69348825597 4.74550942526 4.79786181308 4.8505458972 4.90350748603 4.95666842295 5.01002097749 5.0635026443 5.11707173857 5.17078421969 5.22467474446 5.27877094473 5.33304550879 5.38744436993 5.44197933336 5.49671458545 5.55173311566 5.60711574621 5.66278760923 5.71867129649 5.77469913805 5.83085562651 5.88712546774 5.94347006039 5.99986081067 6.05630686989 6.11284988677 6.16950664305 6.22629027413 
