range:0-360
center: -4.60815112988 4.53127960761 0.143217169967
a: 2.59905640397e-17 -2.3314149858e-08 0.52261534319 3.09668537393e-07 0.0110304435872 7.38445928405e-09 -0.0352516477611 -8.3593060761e-08 0.0192196644671 3.67365298726e-08 -0.00535664839235 5.4918530823e-09 -0.00357505757065 
b: 8.97976654574e-20 0.00242640753296 -2.01244036631e-07 
c: 6.61118885382e-18 0.443054745711 -4.08443244606e-08 0.0462778116402 -1.84289227664e-07 -0.0443016409316 -8.66715368221e-08 0.0160281682185 9.54978891488e-08 -0.00369396710765 -5.88402073214e-08 0.000383769785081 3.96434610765e-08 -0.00221696498492 -2.62082501498e-08 0.00186180747891 4.46311952724e-08 -0.00409427377756 -2.43694523639e-08 0.00035597769057 4.80060645048e-08 -0.00218834495243 -2.20773750986e-08 
angles: 0.0 0.0523598775598 0.10471975512 0.157079632679 0.209439510239 0.261799387799 0.314159265359 0.366519142919 0.418879020479 0.471238898038 0.523598775598 0.575958653158 0.628318530718 0.680678408278 0.733038285838 0.785398163397 0.837758040957 0.890117918517 0.942477796077 0.994837673637 1.0471975512 1.09955742876 1.15191730632 1.20427718388 1.25663706144 1.308996939 1.36135681656 1.41371669412 1.46607657168 1.51843644924 1.57079632679 1.62315620435 1.67551608191 1.72787595947 1.78023583703 1.83259571459 1.88495559215 1.93731546971 1.98967534727 2.04203522483 2.09439510239 2.14675497995 2.19911485751 2.25147473507 2.30383461263 2.35619449019 2.40855436775 2.46091424531 2.51327412287 2.56563400043 2.61799387799 2.67035375555 2.72271363311 2.77507351067 2.82743338823 2.87979326579 2.93215314335 2.98451302091 3.03687289847 3.08923277603 3.14159265359 3.19395253115 3.24631240871 3.29867228627 3.35103216383 3.40339204139 3.45575191895 3.50811179651 3.56047167407 3.61283155163 3.66519142919 3.71755130675 3.76991118431 3.82227106187 3.87463093943 3.92699081699 3.97935069455 4.03171057211 4.08407044967 4.13643032723 4.18879020479 4.24115008235 4.29350995991 4.34586983747 4.39822971503 4.45058959259 4.50294947015 4.55530934771 4.60766922527 4.66002910282 4.71238898038 4.76474885794 4.8171087355 4.86946861306 4.92182849062 4.97418836818 5.02654824574 5.0789081233 5.13126800086 5.18362787842 5.23598775598 5.28834763354 5.3407075111 5.39306738866 5.44542726622 5.49778714378 5.55014702134 5.6025068989 5.65486677646 5.70722665402 5.75958653158 5.81194640914 5.8643062867 5.91666616426 5.96902604182 6.02138591938 6.07374579694 6.1261056745 6.17846555206 6.23082542962 
