range:0-360
center: -4.60815113982 4.92076932987 0.0849362051483
a: -1.38681327376e-07 3.48158203741e-09 0.609253250218 1.65096056156e-07 -0.036779395717 -3.63902807107e-08 -0.0502118211639 -1.37351212971e-08 0.0291414566962 2.48713967856e-08 0.00331074905417 7.32748155399e-09 -0.00989765001207 -4.780751277e-09 -0.000570967343243 -8.00008913883e-09 0.00711075547221 
b: -6.39591035828e-05 0.00278771119047 -2.40139960514e-07 
c: -0.0113200598045 0.508470318681 4.46413893612e-09 0.0141466287372 -1.1267985561e-07 -0.0505672421951 -2.7805565536e-08 0.0217824679445 3.76537174186e-08 -0.00366229380229 -4.09699019948e-08 0.00254234714735 3.06385862089e-08 -0.00641565848399 -2.22863912873e-08 0.00531465175686 3.10937152551e-08 -0.00563312079379 -2.226458776e-08 0.000828465464941 4.1183736829e-08 -0.00476670299964 -1.12929264039e-08 0.00245378870003 4.42822258527e-08 -0.00247739017376 -1.90830486831e-08 0.00115852312169 2.95320181692e-08 -0.00165988009511 -2.25358126864e-08 
angles: 3.84842502181e-07 0.0493080355989 0.0986752953028 0.148134047146 0.197674911966 0.247258704306 0.296856458699 0.346470550202 0.396120242689 0.445832646479 0.495642646096 0.545583881816 0.595683613111 0.645964024518 0.696445236941 0.747152982104 0.798095746243 0.849265064953 0.900612802393 0.952072705387 1.00358556836 1.05513878154 1.10667654126 1.15827089021 1.21017939268 1.2626959178 1.31572883479 1.36873412236 1.42156107191 1.47452180714 1.52810430676 1.58186843429 1.63551721667 1.68900455875 1.7423067519 1.79533491098 1.84808229309 1.90073624427 1.95339006271 2.0060806329 2.05884150221 2.11169100421 2.16463665406 2.21768504899 2.27083585513 2.3241034689 2.37749745486 2.4310127657 2.48465451539 2.53844717858 2.5924294174 2.64664861328 2.70107409341 2.75563854696 2.81029588583 2.86503251732 2.9198747593 2.97486233125 3.03007988814 3.08564098148 3.14159218974 3.1975435495 3.25310482846 3.30832140974 3.36331001556 3.41815126914 3.47288786167 3.52754603324 3.58211043354 3.63653590164 3.69075511396 3.74473734265 3.79852996266 3.85217169858 3.90568754037 3.95908143028 4.01234901991 4.06549976648 4.11854810239 4.17149377178 4.22434357105 4.27710415084 4.32979500469 4.38244888388 4.43510267576 4.4878501532 4.54087834583 4.5941806057 4.64766794535 4.70131678591 4.7550809454 4.8086635039 4.86162425987 4.91445127815 4.96745676549 5.02048972448 5.07300633762 5.12491452978 5.17650934494 5.22804708071 5.27960031593 5.33111310816 5.38257294152 5.43392065285 5.48508994328 5.53603340474 5.58674115443 5.63722236597 5.68750280516 5.7376024917 5.7875428585 5.8373528153 5.8870660713 5.93671569637 5.98632969497 6.03592737916 6.08551112514 6.13505198583 6.18451074427 6.23387803163 
