range:0-360 
center: -4.60815111399 4.04407219489 0.153023679756
a: -1.31266191656e-07 -2.78661816532e-08 0.509186454748 1.65094226266e-07 0.00690207921825 1.22376669289e-08 -0.0376423927986 -3.17556981625e-08 0.00386878237128 1.96679182654e-09 -0.00525333624457 3.46016920935e-09 0.0030288832689 
b: 8.07795410459e-05 0.00235359514862 -1.89035228576e-07 0.000123542836256 8.19544954255e-09 -0.000230294177164 -8.15501270909e-09 
c: 0.0147175216642 0.429904286985 -2.71634129316e-08 0.0224972442993 -9.64966053618e-08 -0.0416293360123 -4.25453735853e-08 0.0116774705305 3.68424189166e-08 0.00126676640016 -3.04377817088e-08 0.00456145101796 7.17269805774e-09 
angles: 3.51995581717e-07 0.0566116232943 0.113187385992 0.169723037419 0.226227900022 0.28270180124 0.339132225642 0.395486637129 0.451715181454 0.507768544613 0.563603127375 0.619168653129 0.67441085722 0.729274328292 0.783723879931 0.837793167161 0.891544397485 0.945109868685 0.998579484003 1.05204348208 1.105541528 1.15910338858 1.2126789596 1.26616236882 1.3195203329 1.37285764728 1.42620868405 1.47948208965 1.53262355873 1.58554388647 1.63815468662 1.69045016689 1.74246743068 1.79421961244 1.8457857972 1.89728585746 1.94879364411 2.0003612756 2.05202603644 2.10376262411 2.15549095191 2.20713139892 2.25872713857 2.31019123225 2.3614884531 2.41255999759 2.46335127368 2.51378498454 2.56379544373 2.61339378904 2.66262886609 2.71160521397 2.76038623271 2.80894678441 2.8572852976 2.9053868896 2.95323499211 3.00080892792 3.04806397837 3.0949754819 3.14159217235 3.18820894831 3.23512055967 3.28237432473 3.32994965801 3.37779778735 3.42589812924 3.47423667461 3.52279837309 3.57157931503 3.62055561818 3.66979069687 3.7193890643 3.76939952868 3.81983326766 3.87062532151 3.92169603611 3.9729932161 4.02445731358 4.07605357759 4.12769397373 4.17942226363 4.23115882639 4.28282357509 4.33439156325 4.38589935742 4.43739941441 4.48896563522 4.54071770242 4.59273517351 4.64503070204 4.69764155033 4.75056189727 4.80370343943 4.85697688815 4.91032801952 4.96366537154 5.01702326503 5.07050670605 5.12408260936 5.17764443992 5.23114240686 5.28460632734 5.33807586583 5.39164126013 5.44539241303 5.49946166671 5.55391199105 5.60877555057 5.66401782636 5.71958326325 5.77541782706 5.83147116509 5.88769967864 5.94405400982 6.00048436488 6.05695823916 6.1134630276 6.1699997204 6.226574386 
