range:0-360 
center: -4.60815112988 4.53127960761 0.143217169967
a: -1.47760873888e-07 -7.27957172682e-09 0.52292163591 1.9175756177e-07 -0.00727203417841 -2.35707011592e-08 -0.03242062697 -3.6246213148e-08 0.0198052106177 2.55208477338e-08 -0.00733355446905 1.08655485814e-08 -0.00202152895677 
b: 6.49640026825e-05 0.00244047479138 -2.02653599097e-07 0.000169676176689 -3.15621463856e-08 -0.000245747549924 1.32314150101e-08 0.000101094297281 1.35853246094e-08 -2.81283590405e-05 -6.71168511922e-09 3.35647315792e-06 1.74906625085e-08 
c: 0.011862247989 0.445623677019 -7.14283087687e-09 0.0309877351852 -1.0344467231e-07 -0.0448733573562 -3.78681573653e-08 0.0184574071941 5.24701697189e-08 -0.0051332270582 -3.58647339948e-08 0.000616616697298 2.75768671582e-08 
angles: 3.78735811327e-07 0.0556766188434 0.111305324708 0.166856021924 0.22232137524 0.277719768104 0.333075408514 0.388390745351 0.443654883398 0.498838763436 0.55393563991 0.608950505744 0.663830533611 0.718503760029 0.772900345809 0.827009990168 0.880924156857 0.934753220934 0.988503155343 1.04216027438 1.09570935872 1.14916465889 1.20250216527 1.25569320958 1.30871657931 1.36155285325 1.41425654897 1.46683827355 1.51931725891 1.57157939251 1.62347268984 1.67494317342 1.72618564345 1.77754184095 1.82913364351 1.88079873214 1.93240379021 1.98400963143 2.03568848407 2.08747946522 2.13934990177 2.19123773208 2.24304481887 2.29470068163 2.34622637778 2.39763685462 2.44891137132 2.50003595448 2.55097076585 2.60169473536 2.65212570597 2.70219328646 2.7519302558 2.80142571635 2.85075821728 2.89992334933 2.94889377819 2.99759607595 3.0459484665 3.0939112406 3.14159211488 3.1892730767 3.23723601675 3.28558717222 3.33429090715 3.3832613282 3.43242639627 3.4817576869 3.53125428727 3.58099019194 3.63105886599 3.68148984141 3.7322137575 3.78314852662 3.83427306193 3.88554750491 3.93695794486 3.98848421418 4.04013944445 4.09194758284 4.14383485485 4.19570522293 4.24749621561 4.29917542584 4.3507812691 4.40238662211 4.45405149505 4.50564335081 4.55699959657 4.60824221787 4.65971267654 4.7116060269 4.76386823957 4.81634727596 4.8689290225 4.92163276595 4.97446902982 5.02749272478 5.0806834682 5.13402133301 5.18747665621 5.24102575971 5.29468284409 5.34843269396 5.4022617213 5.45617580453 5.51028611837 5.56468282689 5.61935596003 5.67423597014 5.72925002135 5.78434760353 5.83953146027 5.8947955236 5.95011079647 6.0054673336 6.06086468087 6.11633104518 6.17188072897 6.22750944268 
