range:0-360 
center: -4.60815115372 4.62865516742 0.12921202092
a: -1.61690671151e-07 -7.10715387493e-09 0.547243782076 2.05814976131e-07 -0.0168504714555 -1.7313174304e-08 -0.0348605457594 -3.13919631488e-08 0.0239493731261 1.48647079665e-08 -0.00630524375127 -5.10518370997e-09 -0.00339039445821 
b: 3.45329890534e-05 0.00254967273004 -2.19937410705e-07 0.000161299208514 1.72233055548e-08 -0.000256427769833 2.77761541824e-08 0.000122481288311 -4.42504408673e-09 -3.10451555693e-05 2.98813532072e-08 9.89431582088e-06 -2.73308869329e-08 
c: 0.0063055629172 0.465560298908 -7.34428890964e-09 0.0294575393847 -1.15134090275e-07 -0.0468254766487 -3.30796362345e-08 0.0223701477576 6.03519997581e-08 -0.00567281729765 -3.72520220344e-08 0.00180166877753 2.40616842281e-08 
angles: 4.19620509157e-07 0.0540664722238 0.108100281229 0.16210121128 0.216070227323 0.270007446417 0.32390942772 0.377791349457 0.431672171849 0.485550319273 0.539393286681 0.593174308513 0.64686151376 0.700433181774 0.753873672974 0.807151100352 0.860272822529 0.91331394722 0.966341855756 1.01938255981 1.072401111 1.12538348677 1.17828425122 1.23104377047 1.28364848763 1.3361211841 1.38851788772 1.44087706929 1.49314756987 1.54524032577 1.59720692842 1.64914459629 1.70104721288 1.75292696696 1.80479185939 1.85661542589 1.90847064476 1.96040287641 2.01242238045 2.06449968574 2.11661647757 2.16872583029 2.22079803611 2.2728034894 2.32472775961 2.37657633602 2.42835411131 2.48004931663 2.53164972894 2.58315172342 2.63454064895 2.68581489799 2.7369709946 2.78801196012 2.83894068344 2.88976105237 2.94046466349 2.99102443229 3.0414086235 3.09158291818 3.14159206921 3.19159991199 3.24177444473 3.29215883227 3.34271872923 3.39342358045 3.44424392962 3.49517158556 3.54621354001 3.59736962456 3.64864385283 3.70003271655 3.7515346746 3.80313500819 3.85483020355 3.90660792812 3.95845709501 4.01038130267 4.06238669421 4.11445890288 4.16656819586 4.21868536814 4.27076261522 4.32278209501 4.37471433716 4.42656981178 4.47839320723 4.53025815903 4.58213807311 4.63404072324 4.68597840468 4.73794503971 4.79003787189 4.84230845335 4.89466766116 4.94706441643 4.99953710867 5.05214187131 5.10490137839 5.15780212637 5.21078453203 5.26380349065 5.31684406927 5.36987190394 5.42291300176 5.47603469476 5.5293121308 5.58275337584 5.63632503565 5.69001229458 5.74379322466 5.7976362222 5.85151428077 5.9053949804 5.95927684329 6.01317874387 6.06711593204 6.12108592251 6.17508585013 6.2291196558 
