range:0-360
center: -4.60815109809 4.23901647329 0.160297839708
a: -1.30387372494e-07 -2.45667500203e-08 0.504575803431 1.6154998179e-07 0.00569579498926 -2.46393583098e-09 -0.0438969558679 -1.46894470805e-08 0.00945862731542 1.27702202215e-08 -0.000856660288254 -1.55397225073e-09 0.00149684732825 -2.98909391825e-09 0.00404761023686 -7.43454653762e-09 -0.00162145272825 1.15671347683e-08 -0.00400048601839 
b: 0.000100093549231 0.00226022390364 -1.79915762069e-07 
c: 0.017436848504 0.415235857833 -2.49367428101e-08 0.0291596631825 -9.90767012015e-08 -0.0454249912823 -5.15807626485e-08 0.0140164461846 4.83979759757e-08 -0.000689297899339 -4.1235098114e-08 0.00309270550691 3.36299761924e-08 -0.00395059455859 -3.33119350293e-08 0.00323660756291 2.74074626285e-08 -0.00420851033569 -2.74673179285e-08 
angles: 3.2236140449e-07 0.0577218319824 0.115437449251 0.173118579114 0.230696121169 0.288108057765 0.345354058893 0.402455578175 0.459449859305 0.516343550146 0.573069872052 0.629538502296 0.685674683402 0.741404075866 0.796691192342 0.851586528483 0.906157378214 0.960451864276 1.01448622497 1.06825502122 1.12166276421 1.17484432486 1.22803285763 1.28121548095 1.33441842443 1.38761676851 1.44080784333 1.49404021556 1.54721921249 1.60018619986 1.65286386894 1.70515385625 1.75707228992 1.80870232244 1.86019010232 1.91162804127 1.96304202967 2.01459709197 2.0664487684 2.11856342392 2.17083563751 2.22339162408 2.27625249479 2.32852146644 2.37954092492 2.42956503579 2.47903375857 2.52820375615 2.5772607101 2.62627426411 2.6751916533 2.72389676137 2.77225357617 2.82016214513 2.86758062069 2.91452109153 2.96096656156 3.00688222038 3.05225891408 3.09710739185 3.14159217466 3.18607539986 3.2309256464 3.27630246605 3.32221820583 3.36866233636 3.41560425438 3.46302144242 3.51093005565 3.55928809272 3.60799202821 3.6569093125 3.70592376227 3.75498157054 3.80415054467 3.85361925065 3.90364344364 3.95466380709 4.00693215376 4.05979356531 4.11234939009 4.16462154029 4.21673614499 4.26858817872 4.32014320083 4.37155690121 4.4229949134 4.47448297785 4.52611302524 4.5780314956 4.6303215411 4.68299925449 4.73596625784 4.78914529709 4.84237782396 4.89556879784 4.94876717989 5.00197035972 5.05515295883 5.10834151942 5.1615226514 5.21493087264 5.2686996357 5.32273401013 5.37702845569 5.4315998797 5.48649450415 5.5417822951 5.59751176657 5.65364707256 5.7101165381 5.76684283099 5.82373636937 5.88073057542 5.93783203132 5.99507801947 6.05248987628 6.11006855075 6.16774853163 6.22546413565 
