range:0-360
center: -4.60815112988 4.43388127088 0.153057690716
a: -1.39501663354e-07 -1.63251242267e-08 0.508119044842 1.60170368554e-07 -0.000347118274822 -1.20409405148e-08 -0.034176270275 -4.41252925024e-09 0.0170759772563 2.31627233327e-08 -0.00469055133129 
b: 8.83726929171e-05 0.00234703599448 -2.02674435346e-07 
c: 0.01556371658 0.430716483787 -1.66559391652e-08 0.0314461934842 -1.16586517136e-07 -0.0431690805405 -4.60321606381e-08 0.0146638349711 4.02113548139e-08 -0.0041726526067 -3.49249160433e-08 0.000335163420582 4.47008829607e-08 -0.00367094043059 -2.03243616167e-08 0.00237756088888 3.69400825909e-08 -0.0053133545532 -1.83262435002e-08 0.00111568087715 2.4715748561e-08 -0.00224628777038 -1.92490769199e-08 0.00065501828739 2.6209560884e-08 -0.00140037007273 -1.55556634776e-08 
angles: 3.9227147642e-07 0.0568957963506 0.113680469655 0.170336172048 0.226879202467 0.28332536117 0.339716164823 0.396060873256 0.4523307977 0.508487315563 0.564515251182 0.620398057336 0.676069973748 0.7314526545 0.786471186364 0.841206525262 0.895741576202 0.950140525863 1.0044151286 1.05851126097 1.11240181644 1.16611427195 1.2196830715 1.27316470052 1.32651749212 1.37967827888 1.43263970128 1.48532373438 1.53767606928 1.58969718486 1.64147679091 1.69306517169 1.74448661192 1.79587578348 1.84734084641 1.89882206215 1.95030442618 2.00190353337 2.05365663143 2.10551699498 2.15753978379 2.20963644422 2.26154072661 2.31310505645 2.36439332078 2.41542955502 2.46622732433 2.51670017319 2.56673338819 2.61629546777 2.66548206982 2.71440016026 2.76309479726 2.81155140622 2.85979300583 2.90778392145 2.9554415527 3.00268906979 3.0494813358 3.09575631251 3.14159208383 3.1874263917 3.23370161613 3.28049551718 3.3277431053 3.37540075339 3.42339041814 3.47163199296 3.52008972274 3.5687832116 3.61770235804 3.6668889321 3.71645099921 3.7664842225 3.81695706038 3.8677555385 3.91879167736 3.97007989114 4.02164419544 4.07354843163 4.12564504763 4.177667792 4.22952814656 4.28128162313 4.33288070897 4.38436280801 4.43584433454 4.48730943559 4.53869864719 4.59012025754 4.64170859666 4.69348825597 4.74550942526 4.79786181308 4.8505458972 4.90350748603 4.95666842295 5.01002097749 5.0635026443 5.11707173857 5.17078421969 5.22467474446 5.27877094473 5.33304550879 5.38744436993 5.44197933336 5.49671458545 5.55173311566 5.60711574621 5.66278760923 5.71867129649 5.77469913805 5.83085562651 5.88712546774 5.94347006039 5.99986081067 6.05630686989 6.11284988677 6.16950664305 6.22629027413 
