range:0-360
center: -4.60815111399 4.04407219489 0.153023679756
a: -1.3055686286e-07 -2.71476091121e-08 0.509174904524 1.65534041987e-07 0.00691628333746 1.03396829519e-08 -0.037652917312 -3.25241707872e-08 0.00392009148877 6.20293925659e-10 -0.00526988310453 2.34949296997e-09 0.00324921829647 6.43341559268e-09 0.00633425325954 
b: 8.32118601023e-05 0.00234656714367 -1.8929759583e-07 
c: 0.0147101637665 0.429908346886 -2.61418790248e-08 0.0224978550426 -9.67516048156e-08 -0.0416150597353 -4.14689669126e-08 0.0116587366286 3.56819918238e-08 0.0013044678176 -3.01583110383e-08 0.0045129549404 5.03399632826e-09 0.000227845611202 -2.34524264997e-08 0.00161641308217 1.85078204849e-08 -0.00414535377595 -2.4111685605e-08 0.00129315711021 1.9579815637e-08 -0.00154349636893 -1.73897046526e-08 
angles: 3.51995581717e-07 0.0566116232943 0.113187385992 0.169723037419 0.226227900022 0.28270180124 0.339132225642 0.395486637129 0.451715181454 0.507768544613 0.563603127375 0.619168653129 0.67441085722 0.729274328292 0.783723879931 0.837793167161 0.891544397485 0.945109868685 0.998579484003 1.05204348208 1.105541528 1.15910338858 1.2126789596 1.26616236882 1.3195203329 1.37285764728 1.42620868405 1.47948208965 1.53262355873 1.58554388647 1.63815468662 1.69045016689 1.74246743068 1.79421961244 1.8457857972 1.89728585746 1.94879364411 2.0003612756 2.05202603644 2.10376262411 2.15549095191 2.20713139892 2.25872713857 2.31019123225 2.3614884531 2.41255999759 2.46335127368 2.51378498454 2.56379544373 2.61339378904 2.66262886609 2.71160521397 2.76038623271 2.80894678441 2.8572852976 2.9053868896 2.95323499211 3.00080892792 3.04806397837 3.0949754819 3.14159217235 3.18820894831 3.23512055967 3.28237432473 3.32994965801 3.37779778735 3.42589812924 3.47423667461 3.52279837309 3.57157931503 3.62055561818 3.66979069687 3.7193890643 3.76939952868 3.81983326766 3.87062532151 3.92169603611 3.9729932161 4.02445731358 4.07605357759 4.12769397373 4.17942226363 4.23115882639 4.28282357509 4.33439156325 4.38589935742 4.43739941441 4.48896563522 4.54071770242 4.59273517351 4.64503070204 4.69764155033 4.75056189727 4.80370343943 4.85697688815 4.91032801952 4.96366537154 5.01702326503 5.07050670605 5.12408260936 5.17764443992 5.23114240686 5.28460632734 5.33807586583 5.39164126013 5.44539241303 5.49946166671 5.55391199105 5.60877555057 5.66401782636 5.71958326325 5.77541782706 5.83147116509 5.88769967864 5.94405400982 6.00048436488 6.05695823916 6.1134630276 6.1699997204 6.226574386 
