range:0-360 
center: -4.60815114578 4.7260168155 0.112681126346
a: -1.57083743457e-07 -2.24264887293e-09 0.573331550699 1.98813267641e-07 -0.0267101330228 -2.9824736655e-08 -0.0414579150865 -2.79921821777e-08 0.0282460792217 2.8448469731e-08 -0.00378872077898 -8.2737827664e-11 -0.00631249852245 -1.30129420333e-08 0.00291447291072 6.4364291914e-10 0.00513782505411 1.91586641714e-08 -0.0020141398336 -2.23275060848e-09 -0.00139673060405 -1.41100188575e-08 -0.000532482031839 -9.27987201659e-09 2.02046712566e-05 3.13602354194e-11 -0.000413432836027 1.27817452309e-08 0.000401680549815 1.57796953074e-08 -0.000210484411499 -8.95446857849e-09 0.000336044124046 -5.33007442734e-09 9.12719321827e-05 6.25410475169e-10 -0.000461162444506 
b: -1.90214350063e-06 0.00263755583166 -2.24359531674e-07 0.000142400092184 7.78285608474e-09 
c: -0.00033482616291 0.481601850421 -2.25019166667e-09 0.0260405043189 -1.15591404531e-07 -0.0502717819123 -3.38233363219e-08 0.0245045320591 5.44442300198e-08 -0.00502512079979 -3.45136266854e-08 0.0025709509887 2.56818659671e-08 -0.00415088499823 -1.87081962665e-08 0.00374558943479 2.61142119587e-08 -0.00505119261834 -1.24204448075e-08 4.49882661482e-06 2.46309408297e-08 -0.00250452230273 -7.65151906784e-09 0.0013809828836 1.35767287894e-08 -0.00155860998248 -2.27182922956e-08 0.000959069691286 1.80618581563e-08 -0.000934546847235 -8.10740420199e-09 0.000221084519665 2.33918918318e-08 -0.000815243440657 1.69429981026e-09 0.000345596864592 1.5949245834e-08 
angles: 3.97612573627e-07 0.0522708519046 0.104542450289 0.156816410647 0.209091885729 0.26136809911 0.313645885041 0.365923893778 0.418202611603 0.470482290006 0.522764821086 0.575051532434 0.627341881222 0.679636980144 0.731938282216 0.784250012492 0.836570152121 0.888895194947 0.941221185086 0.993548051795 1.04587640312 1.09820877217 1.15054438624 1.20288202444 1.25522677004 1.30758022459 1.35994186112 1.41230921281 1.46467941995 1.51705636839 1.56945020631 1.62185174146 1.6742390305 1.72661528 1.77900031328 1.83139280996 1.88377648969 1.93615005659 1.98852105273 2.04089309295 2.09326544211 2.14563859964 2.19801462824 2.25039358499 2.3027762924 2.35516243152 2.40755232423 2.45994630578 2.51234446102 2.56474748556 2.61715647559 2.66957202581 2.72199256608 2.77441854149 2.82685090281 2.87928735446 2.93173081497 2.98418177543 3.03664171537 3.08911152756 3.14159211798 3.19407283458 3.24654283533 3.29900166925 3.35145271381 3.40389627607 3.45633377955 3.5087651441 3.56119111864 3.61361255563 3.66602805092 3.71843621668 3.77083999441 3.82323810637 3.87563204015 3.92802248031 3.98040859608 4.03279120344 4.08517013936 4.13754616929 4.18991928947 4.24229196022 4.2946639871 4.34703495106 4.39940859778 4.45179225914 4.50418479898 4.55656988916 4.60894618808 4.66133352535 4.71373509852 4.76612898692 4.8185059858 4.87087624332 4.923243593 4.97560555359 5.02795877744 5.08030351292 5.13264154861 5.18497678505 5.23730903639 5.28963790674 5.34196469834 5.3942906602 5.44661626126 5.49893637474 5.55124747583 5.60354881414 5.65584375734 5.70813495542 5.76042158402 5.81270415 5.86498374815 5.91726239462 5.96954030541 6.0218180807 6.07409517356 6.12636968621 6.17864362509 6.23091523303 
