range:0-360 
center: -4.60815111001 4.14156007767 0.159536999507
a: -1.35444243302e-07 -3.10455306516e-08 0.507725214181 1.66431539336e-07 0.00670530663986 -7.47259725381e-10 -0.0431342726473 -2.89607502132e-08 0.00663591607688 2.56660293542e-08 -0.00101816712348 1.68892945502e-08 0.00380257716835 -1.92883617554e-09 0.0058012488062 4.76449865831e-10 -0.00143245907096 -9.88615354008e-10 -0.00402624309858 -1.84660352441e-08 0.00149809716639 7.95664762611e-09 -0.000417708624776 5.11549602571e-09 8.35052600899e-05 -4.40960538168e-09 0.000627806236793 -5.33041604517e-10 -0.000196678647982 5.72659185159e-09 -0.000182017585257 -8.8039492199e-10 -0.000288822779539 -6.64943495977e-09 -9.25567555115e-05 -2.21192871724e-09 0.000382340679102 
b: 9.76665067133e-05 0.00231112942562 -1.93762921963e-07 0.00016305707504 -2.67113722769e-09 
c: 0.017220322752 0.422568432574 -3.10290322748e-08 0.027735362538 -1.04569504884e-07 -0.0420223753468 -6.27305055041e-08 0.014394116884 3.28059543051e-08 0.00213012009362 -3.78268557076e-08 0.00395551574253 2.0638096642e-08 -0.00265304886129 -1.42746272507e-08 0.00158571639965 3.79565010982e-08 -0.004428612471 -1.74758605009e-08 0.00152113084184 2.01136393834e-08 1.51292743612e-05 -1.06345929063e-08 -6.12443559107e-05 6.83897347032e-09 -0.000195604102457 -6.97631251259e-09 5.28400874363e-05 1.13965688412e-08 -0.000642708921694 -5.70651112922e-09 0.00054216423233 1.02122037663e-08 -0.000370145012693 -6.94450899882e-09 0.00046086124278 7.87784398526e-09 
angles: 3.41753510868e-07 0.0574347504992 0.114840722442 0.172201049622 0.229491787559 0.28671861626 0.343897638149 0.401021467412 0.458059251967 0.514933282321 0.571576293975 0.627938613664 0.683996304058 0.739723119748 0.795033605201 0.849825026153 0.904067825295 0.957807296381 1.01124503769 1.06448822028 1.1176539243 1.17086895801 1.22429698614 1.27785817472 1.3313880502 1.38479073363 1.43815230043 1.49149426738 1.54471509007 1.5977489566 1.65044415736 1.70276985894 1.75474589876 1.80645016467 1.85799108398 1.90949058318 1.96101881048 2.0126452358 2.06448034892 2.11645822664 2.16843901754 2.22049887051 2.27272546935 2.32459632386 2.37578375513 2.4263133893 2.47626983118 2.5257725154 2.57497512778 2.62397606272 2.67279295289 2.72139990968 2.76966607221 2.81753951195 2.86504533778 2.91217695009 2.95891557871 3.00522341543 3.05107023799 3.09649235766 3.1415921596 3.18669202473 3.23211426075 3.27796119247 3.32426771182 3.37100777532 3.41813810675 3.46564520033 3.51351866666 3.56178364339 3.61039164808 3.65920746071 3.7082093007 3.75741186794 3.80691452423 3.85687102884 3.90740068726 3.95858891213 4.01045908593 4.06268559964 4.1147459577 4.16672669899 4.21870452758 4.27053962904 4.3221664 4.37369463674 4.42519415395 4.4767350955 4.52843941214 4.58041549782 4.63274124612 4.68543652104 4.7384704055 4.79169127232 4.84503328163 4.89839488894 4.95179755748 5.00532772143 5.05888863722 5.11231688819 5.16553194939 5.21869757893 5.27194073642 5.32537835116 5.37911850416 5.43336065423 5.48815212706 5.54346260826 5.59918936951 5.65524786137 5.71160926147 5.76825221048 5.82512713795 5.8821648303 5.93928862344 5.99646753112 6.05369430362 6.11098603455 6.16834636387 6.22575232386 
