range:0-360
center: -4.60815114578 4.7260168155 0.112681126346
a: -1.56058975172e-07 -3.41323161773e-09 0.573331539511 1.9990556472e-07 -0.0267100037756 -3.11713291171e-08 -0.0414577966323 -2.86031014334e-08 0.0282453012907 2.76967089465e-08 -0.00378768529415 1.40244027868e-09 -0.00631233345852 -1.21422774597e-08 0.00291782932552 
b: -1.89385252331e-06 0.00263768219064 -2.24384964862e-07 
c: -0.000334836476902 0.481601883364 -1.77718084897e-09 0.0260404650984 -1.15461614404e-07 -0.0502717584144 -3.31886020734e-08 0.0245044876952 5.46103534728e-08 -0.00502511518922 -3.45877472169e-08 0.00257090885764 2.57801210424e-08 -0.00415081567593 -1.92401843588e-08 0.00374556687826 2.58741573482e-08 -0.00505114400361 -1.27185849561e-08 4.44010145273e-06 2.42244342554e-08 -0.00250439705962 -7.43130453613e-09 0.00138075585602 1.30503389703e-08 -0.00155849183888 -2.19329640164e-08 0.000958223274899 1.71182010188e-08 
angles: 3.97612573627e-07 0.0522708519046 0.104542450289 0.156816410647 0.209091885729 0.26136809911 0.313645885041 0.365923893778 0.418202611603 0.470482290006 0.522764821086 0.575051532434 0.627341881222 0.679636980144 0.731938282216 0.784250012492 0.836570152121 0.888895194947 0.941221185086 0.993548051795 1.04587640312 1.09820877217 1.15054438624 1.20288202444 1.25522677004 1.30758022459 1.35994186112 1.41230921281 1.46467941995 1.51705636839 1.56945020631 1.62185174146 1.6742390305 1.72661528 1.77900031328 1.83139280996 1.88377648969 1.93615005659 1.98852105273 2.04089309295 2.09326544211 2.14563859964 2.19801462824 2.25039358499 2.3027762924 2.35516243152 2.40755232423 2.45994630578 2.51234446102 2.56474748556 2.61715647559 2.66957202581 2.72199256608 2.77441854149 2.82685090281 2.87928735446 2.93173081497 2.98418177543 3.03664171537 3.08911152756 3.14159211798 3.19407283458 3.24654283533 3.29900166925 3.35145271381 3.40389627607 3.45633377955 3.5087651441 3.56119111864 3.61361255563 3.66602805092 3.71843621668 3.77083999441 3.82323810637 3.87563204015 3.92802248031 3.98040859608 4.03279120344 4.08517013936 4.13754616929 4.18991928947 4.24229196022 4.2946639871 4.34703495106 4.39940859778 4.45179225914 4.50418479898 4.55656988916 4.60894618808 4.66133352535 4.71373509852 4.76612898692 4.8185059858 4.87087624332 4.923243593 4.97560555359 5.02795877744 5.08030351292 5.13264154861 5.18497678505 5.23730903639 5.28963790674 5.34196469834 5.3942906602 5.44661626126 5.49893637474 5.55124747583 5.60354881414 5.65584375734 5.70813495542 5.76042158402 5.81270415 5.86498374815 5.91726239462 5.96954030541 6.0218180807 6.07409517356 6.12636968621 6.17864362509 6.23091523303 
