range:0-360 
center: -4.60815111001 4.14156007767 0.159536999507
a: -1.35281070641e-07 -2.97581133673e-08 0.507740926084 1.66337717137e-07 0.00668970433616 -5.0032338495e-10 -0.0431236626745 -2.8459856991e-08 0.00658003033521 2.38921854049e-08 -0.00100633770656 1.90174245493e-08 0.00360986464839 
b: 9.43566155143e-05 0.0023140734801 -1.94031880313e-07 0.000151997200111 -1.65232202638e-09 -0.000230343830655 2.59517433821e-08 7.91311618307e-05 -2.71041128754e-08 1.13245128296e-05 -5.5202992436e-09 2.26912906937e-05 -1.30209135319e-08 
c: 0.017229367875 0.422545894351 -3.0323607729e-08 0.0277540142237 -1.04688970573e-07 -0.0420576333732 -6.17483179039e-08 0.0144571477949 3.33404153125e-08 0.00207227653434 -3.9077831025e-08 0.00414359480179 2.38680575357e-08 
angles: 3.41753510868e-07 0.0574347504992 0.114840722442 0.172201049622 0.229491787559 0.28671861626 0.343897638149 0.401021467412 0.458059251967 0.514933282321 0.571576293975 0.627938613664 0.683996304058 0.739723119748 0.795033605201 0.849825026153 0.904067825295 0.957807296381 1.01124503769 1.06448822028 1.1176539243 1.17086895801 1.22429698614 1.27785817472 1.3313880502 1.38479073363 1.43815230043 1.49149426738 1.54471509007 1.5977489566 1.65044415736 1.70276985894 1.75474589876 1.80645016467 1.85799108398 1.90949058318 1.96101881048 2.0126452358 2.06448034892 2.11645822664 2.16843901754 2.22049887051 2.27272546935 2.32459632386 2.37578375513 2.4263133893 2.47626983118 2.5257725154 2.57497512778 2.62397606272 2.67279295289 2.72139990968 2.76966607221 2.81753951195 2.86504533778 2.91217695009 2.95891557871 3.00522341543 3.05107023799 3.09649235766 3.1415921596 3.18669202473 3.23211426075 3.27796119247 3.32426771182 3.37100777532 3.41813810675 3.46564520033 3.51351866666 3.56178364339 3.61039164808 3.65920746071 3.7082093007 3.75741186794 3.80691452423 3.85687102884 3.90740068726 3.95858891213 4.01045908593 4.06268559964 4.1147459577 4.16672669899 4.21870452758 4.27053962904 4.3221664 4.37369463674 4.42519415395 4.4767350955 4.52843941214 4.58041549782 4.63274124612 4.68543652104 4.7384704055 4.79169127232 4.84503328163 4.89839488894 4.95179755748 5.00532772143 5.05888863722 5.11231688819 5.16553194939 5.21869757893 5.27194073642 5.32537835116 5.37911850416 5.43336065423 5.48815212706 5.54346260826 5.59918936951 5.65524786137 5.71160926147 5.76825221048 5.82512713795 5.8821648303 5.93928862344 5.99646753112 6.05369430362 6.11098603455 6.16834636387 6.22575232386 
